   0   0   1.8
   5   0   2.2
  10   0   1.5
  15   0   2.3
  20   0   1.5
  25   0   1.7
  30   0   2.0
  35   0   1.8
   0   5   2.5
   5   5   2.9
  10   5   1.8
  15   5   1.5
  20   5   1.8
  25   5   1.9
  30   5   1.9
  35   5   2.7
   0  10   2.7
   5  10   2.2
  10  10   2.7
  15  10   1.6
  20  10   2.8
  25  10   2.8
  30  10   2.9
  35  10   2.9
   0  15   1.5
   5  15   2.8
  10  15   2.7
  15  15   1.9
  20  15   2.2
  25  15   1.5
  30  15   1.9
  35  15   2.1
   0  20   1.8
   5  20   2.5
  10  20   1.9
  15  20   2.2
  20  20   2.6
  25  20   2.7
  30  20   2.6
  35  20   1.5
   0  25   2.9
   5  25   2.0
  10  25   2.0
  15  25   1.9
  20  25   2.4
  25  25   2.4
  30  25   2.4
  35  25   2.9
   0  30   1.6
   5  30   2.5
