  20  20
   4   2   9   5  12   0  10   0   3   4   2   0   0   0   1   4   9   6   0   1
   1   4   3   5   7   5  14   0   1   5   5   5  12   8   0   1  14   0   0   1
   1  12   0   1   4   1  15   4   8   0   1   5   6   3  12   1  15  12   0   0
   5   6   9  12   0   1   6   0  11  12   1   4   1   5  15   5   6   3   4   1
   0   8   2   2   1  13   4   8   2   3   4   0   0   9  14   0   1  13  12   0
   8   2   0   8   0   2   0   2   9   4   0   1   4  10   3   4   1   6  11   4
   2   0   1  14   9  12   9   5  15   4   0   0   0  10   1   5  12   0   3  13
   1   5   4   3   6   3   6   8   2   9   5   4   0  11   4   0   2   8   1   6
   0   1   4   0   8   9   4   2   0   2   9  12   0   3   4   0   8   2   8   9
   4   0   8   8   3  15  12   8   0   0   2  11   4   0   0   0   2   1   6   2
   8   8   2   2   0   2   2  11  12   8   0   2   9   4   0   0   0   1  13   4
  14  10   8   1  12   0   0   2  10   3   4   9   6   1   4   0   0   0   2   1
  14   2   2   0   2   0   0   8  10   8   0   2   9  12   0   0   1   4   8   0
   2   1  12   8   0   9   5  14   2   2   0   0   2  10   0   1  12   0   2   1
   0   9   7   7   4   2   0   2   0   0   0   0   1   6   8   0  10   0   9  13
   0  10   8   0   1   4   1   5   4   0   8   0   8   1   7   4   2   0  10   2
   1   6   2   0   9   5   4   8   0   1  15   5  15  13  12   9   4   1  15  12
   4   1   4   1   6   1   4   3   4   8   2   8  10   2   2   2   0   0   3   6
   9   4   0   0   9   4   0   9   4   3   4   2   3   4   1   4   0   0   0   1
   7   4   1  12  11   4   0   2   0   8   1   5   5  13   5  12   1   5   4   0
