  10  15
  14  11  14   3  15   7   4  10   1  12   1   4   9  12   2
  10   2  11   4   3   5  12   2   1   7   5   4  10  11  12
  10   1  14   0   0   0   2   0   8   9   5   5  15   6  10
  10   9  14   1   5  12   0   1  15  14   9  13  15   4  11
   3  15  15   4   9  15  13  12   2  10   2   2  10   1  14
  13   7  14   0   2   2   3  14   9  15   4   1   7   4   2
  15   5   7   5  12   1  12   2  11  14   8   0   8   9  13
   7   5   4   1  14   0   3   5   7  14  11  12   3  15   6
  13  12   8   9  15   4   9  12   8  10   2  10   8   3  12
   2   3  14   3  14   8   2  11  15   6   8   3   6   0   2
