20 40
1110000000110000001001010001110101001001
1111111111010110100111000001111010110000
1111111111001010101100100100101000111010
1110000000011010000100100010011001000001
0000011110100100111010000000000000010001
1010000010000001100010011111111111100000
0000100010010011000000011111111111101111
0101001010101011000010000011111110000001
1111101110100000001011101011111110001100
0011100101111001101000000000000001111100
1111100010111010111101100110000010001100
1111001001010100110010000101110101110000
0001100001010100011000001101000111111101
0111001000111010010010110000010110111011
0111100101000110101100111001100000000011
0010011001001011101000100101111111011101
1101011110100111001101000101100000011100
1001011001110011011100001010000011111111
0001000011110010001110100010011011110100
1110010000000110000111110111010011011100
