30 70
1000110011101100000101010001011110111110010111111101000000111001001111
1010010101011001011011011110011011001010000110110010001011110100011000
1101010110010001100000101000000101110111100100111010011110100110101001
0001101010001011000111001100010101110110001000010111110010100110011000
0111011011010000100101001110001010110011100000001101010111001101011011
1000000001101000011001011011011100110010000110111100100011010010000110
0111110010110000101010001001011001010110010011100111101100101010000101
1101100010110111011111001000111110000101010111110111111111110110101101
0001110010010111101001010011001000010110001010100000100011001110111101
1001111000101111101000110101111000001110101011010000000110111001111010
1111100011010100000011100010011001110100100111110011111110101001100110
1010101001001110100001000001100110100101100101101100110000001101010110
0111100000111001110000101111011110100111010010011001011010111101001100
0101010011100111001001011000000000000001110110110011000011000001110110
0101000010010010001010000111100001111110110001001000000101111101000001
0111100101011101110110010111101001111110001110110001111000011100000001
0000110011010000000010000111100001111110011101010001000011111001111110
0101100010101000110100111111111001111110111101000011101011000101111110
0010111000110110011100000000000001111110001011100100110000000001111110
1000010111011100101011111111111111111110101110101110000111111111111111
0110111111100010011011111111111111111110000111001000000111111111111111
0101000011110111010011111111111111111110001000110010111000000000000000
1000000101111011010011111111111111111110101010110111000110000001100000
1111110011101111011100000000000001111110010110110000010110000111101110
1000001001011000000011011011111001111110100000110000000010101110110110
0001110001010000100111000001000010000001001100111111110111110100001110
0000111111001101111110000111101011111101010000111111110101001110000110
1110101011000011110110101110001011111100001110110000000001001110110110
0011100101000011111001011011111010000010111110110110000110010001111011
1010111100001110110101101010110000111011010011001101010010111010111101
