40 75
011000101011001011101010000000110010000110100001110010101101010010000011010
111100110011001101010111011100010101011000011001100111010010100000100110100
000011100000111101010100010001100110000100000110111101001110001001100000000
011101011000100010100100110101000101100010101100110111110010001101001010001
101000111011011111010111101001011111110111010000111111100010110001000100010
110011000000100100010000110111101100010111111111110101100100011011111100110
000010010010101001110010000001111011101010100110101110110011010011101110000
011111010101011000001001011011010010110111001100001100100100001001100100011
010100110000010110111001101010111010010100101111010100101000110110010100101
110001011000001011001001000100011100110010110111001001011111000000100101011
001110000001011001100111001110101010010100100011010011100001001110000000111
110010110011101010000110011110110101001001011110101101110100110001000000001
100111110010011111110110101101010010001010001000110110101101100110100001110
110010110011100100011111011011001001110000011010110100111110101000000001100
010001010011110100000001110110100001010010100011110111001010011000100001000
100010111010001101100001000011000101100010001110100101010101101100001000000
101001011100101001101100011011111100011101111110010011100011101011111011001
111000100101001110000010001111000001010011111101111111000111101110101100110
100001010110010010001100001010000110000111000100010010101000110101111100010
111010001100111100011111000001100111100011000101100001011001001000101110001
100000001001010100100000100011000100111010101000100011010101110101010111001
101000000111001001011010110111001000101111010000100011010101011011011010010
001100100111010100000011111111000011010001001010010100101100101011011001001
110001001001000100001001000100111101011011100100010101111001010000100001001
110001010100100111110000010101101110111110111000100100010100101111011011100
010000101010101100011101110001011000000000000000100001000001000000000000000
001001001110001011011010011010011011111111111001110101100111100111110111011
101101101010101110010001100100100010000000001000000101000000010001000010000
010100100110001010111111000010011010111111101011000110011100111000010001010
100000010101000110011000001001000010111111101011110100001000000111011011011
101101000111010110100110000100101010001110001011000000000000000010010001010
000111001111001010111011100111000010101110001000000000000000000000000000000
111010001100000100111110110010100010100000001111111111111111111111111111111
100101011111010100111100100001110010111111110001000100010001000010000000001
101110010011011011000111011010111010111111110001111110111111101110000000001
100011101000000001100101100010111010100000000001000100010001000010000000001
011010011000001111100011110100111010000111001111111111111111111111111111111
110010000110101011101101000010010010111111101000000000000000000000000000001
001110101110000100101111110010000010000000001000000000000000000000000000000
000001100111110110001110111110010011111111111000000000000000000000000000000
