100 100
1001011110001101100100110100010111010110100111100100111010010000001100100011000110111011110010110011
1100101001001011100000110111110110000011010001111011010100001011101001110000001101001110111100010000
0110111111100011101111101101011001001100100010010000010111101011111010111000010000011010000111000011
0011101010101100110110101111110000010001001110101011000001000011110100100111111101100111110111111010
1100100101001101010001110111000010110010001001010110001000001011001110010001111010100110000110110111
0101100001001100101110110000011101010001100101100111001101010010011010011011011101100000000111111001
0111011010111110010110000010010010001110101000101101011001110111010100001100111010000011111100110011
1100100011111110010111011101011111100100111001110111101010110011100001100001011010111101110010010101
1001010110011000101010010000001111101101001110111000000001101111011100100101111001110000000100001111
0111100001010110011100110000000100001111010010001100010011101000100001101100010111111100011011111101
0100001111111011001011100011000111011111111011100111101111010010101000101010101100101000010001011100
1010100110111111100111110111001110100111010101001001111110100000001100010001000101001010000110100011
0101000100000001111100100101111001010011001110110101001101011100001100100110110100100001111000101011
1110001011011001100000011001111010011011111110111010111111101001000011110010100100000101011000011110
0111011001010010100111100000011001101011110111011110000011000100000111001010010101010011111010011000
1011111001000010110001011011011011001000011001111101100000010111111101111010100001011110011101111010
0011100011110110010001110110111101111000000110100000110001000011000111110001101101010011010010101011
1110011000001010101101110010010000000100001001001011110001101011001001101111011110011100001010010011
1100010011111000001110011011011001100110101101011100100001011100110110111001100110100001010110110101
0011010100101101110001111101101001001011111000100011000100100001111111010001011101111011011011111000
0001001111110001011000111100101111110011111100011110001101100111111101100010011001101100000110101100
1001111101100110101101100000000110111111110111111101111001011100111111000110011100011001011001100100
1111100100100010100110011000110101001101111000111101111100000000010111100000101100100100111011111010
1000000011100110101000000100010101110011011100000110101101000111000010001101000011000111100111110010
0000100011111111011011010110011101000101001000011010001011011110110011100101001010001101101011000010
1001111101100001011110000001011010101110100010100111110001010000001000001111011001000100001000111111
1001010011101011110110001110101110111100000101000001110011101100010110110100101111111111011110000001
1001001110001010000101001000110001101011101001010110110011000100110011000011000110010111010010010010
0001001011010001101110011111101010000011011111001110101100010010111001001000111101000110001110111111
1001011000001010000000010000100110110000111100111001110100101100110100111001100010000011000001001011
0000110110000000110000001101100110001000100000111001000100110000110001111010001111110000100010100000
0011011001010001010000011111010010100101001100100101000101111001011011011101010111010001011111011001
1010000100000111110111101011101110101110000000011110000110001011011110101110010110101111100100111011
0100111110001010100101100001111011000110100101011111110111001101111011000101001100100000010000001101
1111111100111101110000010001101010001001111000011100000011111110001100101001100101001001111000111011
0111110101111010100010010110010100100110000011111011000111100001000000000000111011101100111001110010
1110100001000011011101010101000000100000001000011001001011100010001001001110100101000001011001111010
0010101010100001000110110000100111011010010100000101110100101000111001110111110110110001000000111011
1111001101111111011111100101110111101111110011100000111011110110101101001000110010111101010000010100
0011101001101000101001000111111000100010011111011100011000100101101101010111010001110001010010011100
1101101000101000000001000100110001000101010101010001010000110101111101110000011001111000111001001001
1000010101011110001001101010001111100100011001010110001010001000010111010001101000000001111001111111
0001001000011001101001110001011011110000011110001011010101010100000010110011110110000010110001000010
0000111101010110100000100101100111010001101110101000110000111011001010111101000010010101001011011110
0010101111101000010000011011010100101010001111010010111011100011001111000001101010101011011011110101
0101111111110000011100100111110001110110000111110001111010100011010010100000011000100100100111100111
1100001001110100100000101101111110001001011101001000000001000010101101110011101011010011110010000100
1011110010101010011101000101111100100110100001110000101001010011001011100101101111101011111101011101
0001000011010111000011001110110100011111001110101000101010010000011011001111011011101100101110000001
0010111011110001110111011010010101000000000100100100110110011110000011000110111110100101110110000111
1001111110001110010101010011111100100010110011010001100001101011011001001110000001100001111111011000
0000011100101011111001011100101011110000110011011000011001101101100001111010101010010101011010001101
1010000110011000010011010000101011101011001110101001011100010001110100110110001111110110111100010010
0010000111100001110000010111101001001110000101101001100011001100101010100001111101101111010110111101
1011000001111011001111011010101011110010001110100101110110011011000000001111101000000011001010111011
0001101011101111101000111010001011100110001100010100100101010111001011000101000010100111000110100000
1111110011100101000010100010101100101110101111011001001111011011001110100011100111011111111001110001
1000111100100100011111010110100111111011111011001000010001110101001011101011011100011100000001111100
1101111010010000010111000100010001000110101010101101110100100000100010010110000011101110100110011000
0100011110111000011101010000001010111111101010001010110001110110101010110100100110101101001000110110
1001100010101000001000010101000010100010110010111110101110101010100010000110011010111111101010100010
1101000111110100010010110010111101100000111100100001110111001010010101011101101000001010110011000011
0000101100001011000100110111010001011001001100001111110111111110101001111010000110100000101101100100
1000100000010100100111110000011000111011100011001011110011001100001111100001000111100100110110101101
1010111010111000010011010100101101001100011010011011101001000100101001010100101000011010100101010010
1001000001110110111000111010010111010001100001111111001000111010000010100101101010001001101111010010
0001101100101010001110110011011100011000001000001110111001010100100101111111010100100110001110111000
0011011011100000100011101100010000100101000100110000010101111100010000110010010100001101110000110011
1001101000001010111001010111100111101111110101011111111011101000101001011101110000011001010111000110
1111001011010101100111101110100000011000101111001000011110011011010100010111110001001011110001011101
1101111011111110111101110110101101110110001001000111111000010000011101110010111001100000011011101110
0110111100100110011001000111011111010110010001111001011010100001001100100001001011111100100011010101
1111110011101010110111111101011110101010100001001001011100110111010110100101101110111000111000011100
0111111011110010110011001100010001001101011010100110000000000001001100000101100000101001000000000000
1000100101110101000111010010100010101001000111011010010011110100110011101010011100000001111010101011
1011110101111111001011010111111110101101111000100010110011010001110011100000001100011101000011101101
0011001001100110110110111111110100010000110011100001101100111111010010111011101001101010000110100110
1010101011111110100100111110010000001000110000110111011111100110010100010001001010011111100101011110
0011111111101001110011111011111110110010011010000010111101110101000110001010111011111001101110110010
0001010001110111011001110110001000010000010011001000111001010100000100010111110111111001110000110010
1100001010111111001000100101000111100000101110101100100000011010101001000001111111001000000101101110
1111100000010110010110011100010110010011010110010010010011101000111110011100010111110100101011011001
0001111100100001001000010111101110011100111010100100110101010010110100110111110000100110101011011001
0101101011111111000011111101111110001001101000011100101001100011110011000000011100111100011011010010
0111110111101110011000001100010110001101111101001010010011001010101011101100100010100111010100100000
0000000001010110010011101111110110000000101111110010101100010000111110000011101111101001011011011000
0110011101010111010101101000001010010100001110111010001101010100000111011011101001011111101010001010
1111101001010101001100001100111110000011011110100110111111010010110110110010100101000011111000111111
1111101001000011110110110000011111100001011111110011011101001101011101011101110010001010110110010110
1111100111001001101001101010101001000011100110011101101100100000110101001100010011011100101111101010
0001011001101000100111010001001011100010111100000010111000010110010111110111110010100111000001111001
0001111100011100101011111111000000010001001010010101000100100111100110110110011110000110010001001001
0111101001100110010100011111101000111110010101101011000001001010111111101010011110100110100010111111
1101011001010010001110100110110101100101011010011111001101001000100100011111001100011100010110110011
1010011010111011010101011001110110101111011100101011101101100110100101110010111101110001101011111000
0111100111111010011011011000111011101111100011100010000010010010011111101100010111100010100010011010
1010100001011101010011010000000010101100011101000010110011100101100111010000011010110001110100001110
1111100011001010010000011011100000110011111001100000110000100010110101101010000110111000100100010001
0110000111110000011011100111101110101110100111010110001001010111101110101010011010101010101010001000
0001000100111111101000001110100100001111110001000101110000001100001100010111001101001101000111100000
