100 100
1010010001111101110010011110011100111000010101000111001001100100001010010101100101000001111001111110
0100101110000110101110100011010000000100010011100000011001100000011010100101000111000111101100000001
1110000110000011000011111111001101100111100011111000101010001100001001110101011010010001101101011101
1101011011110011111110001011101010010000011001110011010100100000100100000100100101101011100101000001
1011000010010001101111110001110100111010110000000100100000011011111100011001010000101000011010001000
0101011000011000100000011100110000000111100000011010011000011000101001011010110101011100011111111100
1100011111011010011010110001111010011101011010111010011101110000000011111101100110011010100101011111
0011010000111111000100100101100000110110101011010111000000011101101101110110101000000000000100100101
0101011001000011010101001100010111111000110111110101100011101110001000110010011101101110011100110111
0101011010001011110100101001010100000011010100101010011100001001101011101100001101100110111100111000
0100111011011011111001100110000011010010011011110011000001111101100101110111111001110111101111100010
0000100001110001100101101101100010000110110111100110000100000001110010011111001010101100000100101100
0101101010010111000011001110001001100110110011110101110001111000101111100010100101000100111111000100
0100100001001011100100010110101111000111000001000010010001110110110101001101011101010100100111101100
1011010110101000100000010100111010000110011110110111011010110011010101011110111001001100001101001010
0111110010101111111011101110010100111110110100100101101101111111010001110111011110010000110100011100
0000111110111001010001001100100011110101011011010010100110010111101011010010000100100010001000110100
1100101111011110001010011000110101000111000000011010101100101110001101000111000011100111110101101101
1001100101100011111110111110101111010010011001011001100110111111010000101000010101110000000111101100
1011111011100001111111011010111100111000010011110100111111100101100010001101100010100010111101101001
0101011010010110000000000111110100000110100000100010110011010111000111100100010101110001111000000011
1001001011101011110111001000110110000110010100001100101101101110100011010101110101100110010000111010
0101101100111111001000110011010001001110001111011111011100101000001101101110000101111100111100001100
1110101001111100010000011011100110110001111111100000011110100101111010100101010101011001001001111100
0111001101011111101000010111111100001000010110111010111101010111101001100111001010110010010010111001
0110011000011001011001010000011100000011001001011011000000100010010100001111010010111010100100001010
1101011111000101111110000110001101111000000001001000100111000111101001000000010001100001110010110010
0101010111010010010101101100110011101101111111110010001110100111010111001011100110010111000110001011
1000001111110010011100111101111010000111111010110111001100111001110111011110111111000011100000111111
1000001001101111101100101110110110110011100110010010001110001110100111100101011001011011101111101110
0111010001001000010101001011010111010000111000011110011011101001100100000000011000001010010111110100
0001011000011011011001111000010001110111110000010110001100000000011110001000100010111000010000010100
1000111011111110111000010000010011101011100000100011011010011001101110010100010110000100101011000111
0101001100110100100110110001110011110010101110001100101110010000100001100110111111001010000010001011
0111110111011101110100001011101100110010110011011011010111001101110101010010101010010011100101100001
0000110101001110010101111110101111111000001110010100010100100100001010011010010100100001000001011000
1100111110110010110110110100111001010101010011110101101010010111101001011001110010001101011011011001
1010111111110000000110010001011100011010110111010100010110100111011110011010000110100110000111110011
1111110001011010011111001011011110011100011111100111011100000111100011011000111101010010000110001000
0010101110011100010000101100111101000110111010101111010110010001000111101010110000110111010110000100
1011111001000110000011100011001110110100110000111111000000011001001110000111000100101000011101100111
1111000001111101101001100010010011011101000001101100100001010000101011101100101001001111011100001000
1111011010000000011100110010011011011100011110010110111110101001000111101100011101100000100000110001
0111011010010011111001111110000011001000101110010010101111010111111110100111110101010101000000111011
1100110010000011100101111101100000001011111000011111110101111100100010101010101101100110011010010110
1010000100001000000000010001000000100110110000101100100110010000001101001001110010111110000100010001
1110011111101111110011101000110111011110111110000111100001011101100101101010000000111001010110101001
1110110111101000001111111111100011011001111101001110100011111001111110100101000010001001001100010011
1101101001100110110101111001100001010111100100101010011011011111000001110100100001011100001101100100
1010001001011101010101100011001000110010100010011000111110100110111111101100010000001000000010101010
1101000001011111011011101011000100100000011111001110001000100001011101111101011011010110101110101000
1011111011001010010001000101011111110101101101110111000000110001100001001000110001000110011001100011
1000100010110110001101100110110100110110111101001100101011111011000110100000001101101100001011000011
0010010010101100111001000101111110011001010010000000010111010000001101111011000010110001010011101110
0010110101111010010000110010111001000011000100100101110100011001110100011000001110110011110111011110
0011100011101000001100011100110101101101011101100010010110000101000110111001111000100011101101000001
1010101001111000101100111000111111010100101010010111000111110101111110110110010101110000011010100010
0111011000100011100101001010000110011110010011111110100000010010001111011110000100000100000010111110
0000010001011111011111100100011110100000100000100010010001001100000010111000100100100111110000100000
1110001110010100000010010000011110000100001011101000100100100000000001001000101011010100001001011101
1101000110101010111110110111100111110001101111101011010101000110110110010100101100010010101001011111
0100010100001101000001110010001001010001101011111000000000010110101001110111101001001110001110010111
0101001111000011000111100010000110001011010010100001100000010000000011110101001001110101110111101100
1011010001011011100010010101100010101011011110100000100111100101110010111101000001001111001110011000
1110000001111101011111001000010110110110000101111101101101001111011111011001110000100101101001000001
1100100010110001101100010111001101111011011110101100110011100001110111111101101010111111000110100100
0001101011111110011110110000001110010000100100101111100011100010001011001000000101001011000000000100
0000000010101010110000110010011001111100011110000110001010111110011111111011101100001101110111101101
0111000111000010100100111100011011000110010011110000011100100011101010001010011010001000111011011001
1000011001101100000010111111100001000000111100011011100111011100001000010101100100111010111101000111
0001101011000010111100010100101110011100011011110110110100011111000000101110011101100100001010000000
0011100010001000011011111110101111110110001111100011001000001101111011010001000001010111111110110010
1101001110011011110001110010100100000111101110110000001111100111100101001110101111100110110100011011
1110000010100110001011111100101000100000001100110011000010010011101111110100010010110011101010011100
1110101000110111101101010100010101110110101011010100110011101010110101001010010011110101011010111100
0010000111000000011111100110001010010110011010001010000111101101110011110010000111100000111000000111
1010111100101101000010010010001011110110001110110111011001111111110111101101100101101010011001011001
0010110100110101011011101000101110110110110111110110110110111010000111011010011101111110001110010100
0111000001101011011011110101101000000111110110000111101111010001000101010011000100000010111100011011
0100100000001001001101001011010100101000011101000001111000110100101001010000001111010010000110101110
0101011100011010110011110001010111010110100010000111101011001110001010111110001001011111110110101011
1101111100110000000011010000011011000000010111001001001100100010001000100110000000101001101011001100
1010001011100101000000000010001110100101111011011001010101001010111100110000101101001010001100111001
1010110011100111110001011110111101001100111001100011111100101010010000010001101101011011111001010001
0111010011010010010000001001110101010001111001001101101011010111010101011100111011101010101000000011
0001110001001110111010010000001001011011111111100101011101000000101100011010000110110101101000101010
1111011101001000100111001110010000110110011011100111101001001010000000000011111011110001110010110111
0010100110101101011010001101011100001001011101011100111110011001110011011010101011111111011101011011
1000010010100010000011100101000010001001001000000000111110101101011000100010001000111110000011100100
0010110110111101011001101011011111110010101111100000000011111101010100000000101110000001111011010100
1110110011110110010111011101000010100010011011011110000111110110110000101000010100111100100101111011
0111001100110001011100111000010111000101011011111111010001000100001110110100110001101001110011010011
0011100011010111100010101010110000101100101110010000001011100000011011001100001111011101011100101111
0000011110100001111000110000100110100100100101111100110000111110011010100001001110011001110100001100
0110110000110101110111111010100101101000010110110000010101101111101011101011111010111000111100100001
0110000100001111001011110001011101101001010011010111100101000011101111101110101100011001110001100010
0010001001100001110101010111110100101111110100111011010011010101000011001001010001011001101010010110
1101111010001010111000110100000110100100011110100111101000101001001001101100101001011111011011111010
1011100001111100010010100100001101011000111110010111001010101111010010111100000001010000110001101000
0100100100000010000111100111011111111101101100111010111111100001001101111100101111101100100000100000
