20 20
  14  13   3  10   6  15   5  15   9  14  13  15  15  15  11  14   3  12  15  11
  11  14   9  10   8  10   4  15  11  10  10  10   6   7  15  11   4  15  15  11
  11   6  15  11  14  11   0  14   7  15  11  10  12   9   6  11   0   6  15  15
  10  12   3   6  15  11  12  15   1   6  11  14  11  10   0  10  12   9  14  11
  15   7  13  13  11   2  14   7  13   9  14  15  15   3   4  15  11   2   6  15
   7  13  15   7  15  13  15  13   3  14  15  11  14   5   9  14  11  12   1  14
  13  15  11   4   3   6   3  10   0  14  15  15  15   5  11  10   6  15   9   2
  11  10  14   9  12   9  12   7  13   3  10  14  15   1  14  15  13   7  11  12
  15  11  14  15   7   3  14  13  15  13   3   6  15   9  14  15   7  13   7   3
  14  15   7   7   9   0   6   7  15  15  13   1  14  15  15  15  13  11  12  13
   7   7  13  13  15  13  13   1   6   7  15  13   3  14  15  15  15  11   2  14
   4   5   7  11   6  15  15  13   5   9  14   3  12  11  14  15  15  15  13  11
   4  13  13  15  13  15  15   7   5   7  15  13   3   6  15  15  11  14   7  15
  13  11   6   7  15   3  10   4  13  13  15  15  13   5  15  11   6  15  13  11
  15   3   8   8  14  13  15  13  15  15  15  15  11  12   7  15   5  15   3   2
  15   5   7  15  11  14  11  10  14  15   7  15   7  11   8  14  13  15   5  13
  11  12  13  15   3  10  14   7  15  11   0  10   0   2   6   3  14  11   0   6
  14  11  14  11  12  11  14   9  14   7  13   7   5  13  13  13  15  15   9  12
   3  14  15  15   3  14  15   3  14   9  14  13   9  14  11  14  15  15  15  11
   8  14  11   6   1  14  15  13  15   7  11  10  10   2  10   6  11  10  14  15
