10 15
   4   1   4   9   0   8  14   5  11   6  11  14   3   6  13
   5  13   1  14   9  10   6  13  11   8  10  14   5   1   6
   5  11   4  15  15  15  13  15   7   3  10  10   0  12   5
   5   3   4  11  10   6  15  11   0   4   3   2   0  14   1
   9   0   0  14   3   0   2   6  13   5  13  13   5  11   4
   2   8   4  15  13  13   9   4   3   0  14  11   8  14  13
   0  10   8  10   6  11   6  13   1   4   7  15   7   3   2
   8  10  14  11   4  15   9  10   8   4   1   6   9   0  12
   2   6   7   3   0  14   3   6   7   5  13   5   7   9   6
  13   9   4   9   4   7  13   1   0  12   7   9  12  15  13
