40
  23  40  36  19  27  21  29  25  36  30  37  22  16  32  23  31  20  33  17  32  39  27  34  24  33  16  18  32  36  25  21  17  35  32  39  32  21  27  33  29
  12  12  15  14  14  12  12  13  15  14  12  13  15  12  13  13  14  13  15  15  14  13  12  13  12  13  12  12  13  14  13  13  13  12  15  13  14  13  13  14
   8   5   7   8   9   5   5   9   6   6   6   6   9   7   9   7   6   9   6   5   6   6   8   9   9   7   9   7   5   5   8   7   6   6   6   7   8   5   9   5
   5   4   4   5   5   5   4   4   5   4   5   4   4   5   4   5   4   4   4   4   4   4   5   5   5   4   4   5   4   5   5   4   5   4   4   5   4   5   5   5
  23  26  30  27  23  28  21  25  29  22  24  26  25  32  31  22  22  23  24  33  32  23  27  22  29  22  23  28  32  24  23  29  26  22  26  33  26  29  31  24
  18  22  31  24  25  23  24  31  31  30  24  14  20  28  33  14  30  20  15  23  20  25  17  28  13  19  31  16  23  13  24  18  15  24  15  23  21  33  30  17
   9   7   9   7   7  10   5   9   7   6   8  10  10  10   9   5   7   7   8   9   6   5   9   6   8   9   7   6   7   5   9   7  10   9   8   5   5   8   7   5
  28  28  29  30  30  28  28  29  30  27  27  28  28  30  30  27  30  29  27  28  27  29  27  29  30  27  30  27  27  30  30  29  29  28  28  27  28  28  29  27
  35  29  24  27  25  25  31  25  26  26  24  34  24  32  31  29  30  31  32  24  28  29  24  32  25  25  35  36  30  29  27  24  28  27  25  27  29  28  30  32
  22  26  33  27  27  18  18  26  31  30  32  34  22  23  34  18  19  20  35  18  32  21  31  30  22  22  34  26  24  34  31  18  34  29  18  19  20  32  30  22
  27  28  20  33  20  17  20  18  16  23  27  11  29  19  34  17  24  20  30  11  28  15  32  24  34  18  15  29  22  19  14  18  27  32  17  25  16  22  27  35
  20  17  22  21  17  17  20  22  18  20  22  20  20  20  22  17  22  20  22  21  19  18  18  17  20  22  19  21  19  22  21  22  20  18  20  18  19  18  22  17
  22  18  19  19  20  19  17  19  19  20  20  17  18  20  17  21  20  19  17  18  19  19  19  20  20  21  18  22  17  21  19  19  17  19  21  22  18  19  18  20
  23  19  15  16  15  24  25  17  18  14  20  27  25  14  14  21  23  15  23  17  19  14  24  21  20  27  20  19  16  16  20  21  20  23  23  18  15  22  18  16
  26  27  25  28  26  25  24  25  25  27  27  29  29  28  26  28  27  27  26  27  27  27  27  25  26  29  26  28  29  27  26  27  25  25  25  25  29  26  28  29
  32  28  35  19  20  34  20  19  20  28  17  19  29  35  19  29  20  34  19  20  16  27  20  19  35  33  32  29  27  31  32  25  19  29  32  28  24  33  34  35
  19  22  31  19  23  24  25  19  26  10  15  30  31  26  33  31   8  14  14  29  10  28  18  28  19  30  33  23   9  11   9  24  19  20  13   8  20  20  22  33
  13  15  14  17  13  15  13  13  16  14  14  15  13  13  13  13  14  13  14  15  14  16  17  16  17  16  14  15  17  16  13  17  17  16  16  14  15  13  15  15
  23  25  29  22  25  22  22  27  23  26  27  23  26  22  26  24  23  30  24  24  29  29  27  25  28  25  23  29  24  30  31  23  25  31  30  32  31  27  30  25
  33  28  16  31   6  38  23  21  20  24  26  33  27  37  11  20  28  18  21  31  16  31  35  38  29  14  35  31  11  11  36  30  32  22  27   9  26  10  20  32
  34  18  36  30  35  21  33  21  34  35  26  28  20  20  28  14  31  22  25  37  15  33  20  36  18  19  35  26  24  20  15  22  30  30  30  30  13  30  19  24
  17  26  28  33  28  28  33  19  24  29  21  16  26  19  28  15  30  29  26  18  21  18  25  27  31  23  34  20  20  31  28  20  32  22  25  28  32  16  22  26
  26  28  27  28  27  26  27  29  27  26  28  28  26  28  29  27  26  29  27  27  27  27  28  27  29  29  26  28  26  29  26  27  27  27  28  26  28  27  29  29
  18   8  22  22  30  18  29  19  28  25  22  25  17  17  21   9  10   7  28   9  21  13  16  30  23  27  28  25  21  23  14  23  19  12  11  30   7  23  26   9
   6  24  20  18  21   8  25  23   4  16  21  16   8  15  23   4  12  29   6  14  34  19  26  15  14  12  17   9   8  29   7   4  34  21   8  32  17  32  12   8
  13  20  15  13  18  18  13  17  21  13  20  15  20  14  21  17  16  16  17  19  21  15  16  19  20  20  16  13  16  19  18  19  18  19  16  16  14  16  16  19
   3  14  11  14   4  14  10  17   5   4  15  12   5   3   2   6   3  14   7  16  13  14  13  11   7   3   9  11   7   5   5   2   7   3   8  15   5  16   7  13
  31  29  14  27  27  26  29  32  23  32  27  15  19  16  32  25  29  32  25  22  24  15  31  16  30  20  30  29  30  28  33  28  17  15  16  14  23  16  34  26
  14  16  27  11  23  21  27   8  20  25   8  13  11  11   8  24  24  18  20   8  29  24  22  13  22  25  19  28   8  30  15  22   7  29  24  29  19  29  30   7
  21  20  25  21  22  17  18  25  17  20  21  27  20  26  23  19  27  22  25  21  18  25  20  18  25  22  20  20  24  22  26  21  26  22  18  18  17  24  22  23
   3   2   3   2   2   3   2   2   2   2   3   3   3   3   2   2   3   3   3   2   3   3   2   3   3   3   3   2   2   2   2   2   3   3   3   3   3   3   2   2
  13  12  26  16  10  19  20  17  10  16  16  20  25  20  10  16  22  22  25  23  25  20  13  19  10  26  24  26  17  21  11  15  23  17  22  10  14  20  25  11
  25   6   9  25  22  33  19  13   8  25  30  25  12  24  29   5  18  20  32  19  22  31   9  24  28  25  21  26  15   5  16  27  29  10  30  33   7   7  28  13
  14  18  15  20   8   6   9  21  16   2  22  18  13  11   1  11   2   5  20  11   6  18  15   5   6   5  20   5   4  10  20   7   8  15   2   7   1  20   3  15
  13  11  18  13  23  30  21  23  19  27  17  26  30  11  24  31  27  17  13  28  15  20  29  13  13  30  28  13  30  27  18  26  19  12  23  13  27  25  15  21
  27  27  25  20  17  15  10   8  28   9  24  21  19  11  19  29  27   8  25  13  21  23  20  11  15  19  14   8  11  27  26  14  22  23  21  16  14  14  24  19
   8  18  21  10  33  27  35  28  23  35   8  14   8  34  23  33   9  17   9  34  27  25  29  20  14   9  35  20   9  23  10  27  32  25  20  19  35  19  36  14
  22  30  27  27  30  22  23  25  22  29  22  28  27  24  24  28  24  21  30  25  26  25  23  25  28  28  24  26  25  26  27  24  28  24  30  23  25  27  23  25
  10  12   8  16  12  16  11   8  17   7   8  18  15  14  11  19  19  14   8  14  12  17  15  13  15   9  12  12  18  16  12  15  19  11  14  14  15  18  11  12
  32  35  30  32  23  24  28  24  25  26  35  23  34  25  27  28  29  32  23  24  28  26  27  29  30  26  36  36  29  27  32  23  35  33  34  23  36  30  28  32
2  39
