70
  58  56  55  59  57  56  55  55  57  59  56  55  55  59  59  57  56  58  57  59  59  58  56  55  57  58  59  56  59  55  59  56  57  59  58  57  56  57  59  56  55  59  55  59  59  57  56  56  57  55  59  59  59  58  57  58  57  58  56  59  58  57  58  58  55  56  55  56  59  55
  25  27  27  27  28  26  29  27  27  25  27  26  25  27  26  25  25  26  26  25  29  28  28  26  29  28  29  27  26  28  25  26  28  29  26  26  25  26  26  26  29  25  26  25  26  25  27  28  29  29  26  29  26  28  28  29  26  25  26  25  29  29  25  27  27  25  29  28  27  26
  17  17  13  13  10  12  20  20  10  20  16  12  11   9  20  12  10  12  11  16  10  15   9  10  16  20  11  19  11  13  18  14  11  19   9   9  17  13  13  12  10  12  20  10   9  12  13  11  17  20  12  13  11  18  14  10  17  13  19  13  17  15  14  13  20   9  13  16  11  15
  14  52  60  47  17  23  56  44  23  49  46  16  26  30  50  44  41  40  32  56  42  25  46  25  39  57  22  47  14  63  60  21  36  20  31  62  19  28  13  60  33  49  15  51  24  32  39  44  39  22  27  31  18  33  59  18  15  29  54  62  34  16  50  28  13  60  25  55  30  43
  10  16  33  21  11  34  28   9  28   8  19  30  34  25  20  15  29  27  15  20  26  12   9  20  33  19  26  26  21  27  27  19  24  17  20  27   9  18  33  33  12  26  29  29  21  10  23  25  17  28  15  18  11  30  29  31  17  31  34  28  31  32  13  29  14  30  16  31  12  31
  32  22  23  35  27  34  16  29  32  26  10   9  10  36   9  30   4  16  29  53  14  51  10  25  44  12  51  43  28  44  31  10  15  18  29  12   7  21  31  30  26   4  42  17   5  11  41  28  35  23  45  44  50   5  43   5   9   8  13  17   8  31  43   7  31  27  25  15  14  19
  36  28  52  49  29  28  47  56  37  66  45  45  48  35  20  60  47  51  62  49  28  53  38  48  37  52  54  25  27  65  25  39  67  64  29  27  21  45  25  34  44  39  46  31  57  30  67  40  48  31  31  23  63  61  60  34  46  50  18  19  58  34  62  20  25  42  27  26  65  22
  14   4  13  10   5  13   8  13  14  10   6   7   7  11  13  14  10  12   4  10   8   3  14   7   3   9   4  14   6  12  14  12   5   5   8   3   6  14   4  12  11  11   8   3  12  14   9  14  12   8  13   9  14   7  13   8   3  14   4   5   9  11  14   7  12  11  11   9  13  10
   9  42   1   8  13  19  19  40   7  35  18  36  31   1  40  28  37   5   3  30   9  40  11  23  40  12  39   3  14  33  21   4  38   3  38  40   7   4  21  16  22  32  40  22  27  18  12  41  18  24  12  20  28  28   8   1  21  28  26  42  25  33   6  38  28   1  23  28  26  38
  58  50  64  51  51  58  50  63  67  54  66  62  56  52  58  58  53  54  58  59  50  61  65  63  60  53  50  67  65  66  61  55  56  57  57  49  51  63  53  64  66  59  60  66  67  65  54  59  60  57  55  62  63  68  63  57  50  55  54  59  50  53  59  61  55  55  58  53  49  54
  26  48  44  39  46  27  30  45  48  30  28  25  51  47  25  31  43  33  41  36  43  29  30  47  30  50  46  36  49  46  32  30  36  31  32  41  38  37  27  43  26  41  49  47  46  51  39  48  34  39  28  47  49  51  37  31  43  36  30  25  28  39  39  39  31  50  50  27  40  38
  55  35  56  30  47  46  30  39  32  47  40  27  24  26  44  26  29  47  49  30  48  35  26  55  27  40  54  31  43  53  44  41  26  25  45  49  46  52  49  44  50  50  27  51  35  52  34  39  50  42  46  48  31  45  35  42  49  50  29  37  27  36  24  32  48  27  38  25  31  55
  50  33  57  55  38  58  49  47  47  48  39  36  49  43  50  56  40  35  36  40  53  54  32  41  32  55  31  35  42  59  60  43  54  39  46  31  32  55  58  41  35  36  32  53  44  38  38  57  34  33  38  55  33  60  49  33  55  39  35  56  51  46  48  45  43  40  37  52  34  38
   6  43  42  30  55  20  19   8  51  34  12  63  51   6  66  47  46  27  54  52  19  55  66  13   6  37  62  19  56   6  24  22  33  63  45  53  18  15  42  23   9  39  23  62  28  61  53  27  64  55   5   9  41  41  26  17  29  37  14  17  40  65  19  22  30   8  12  17  53  23
  29  59  61  29  48  55  23  32  57  27  20  54  56  28  55  19  42  31  23  38  54  65  58  57  51  52  20  52  23  44  65  55  48  32  52  43  26  59  36  44  26  62  27  40  44  46  30  36  49  22  47  61  58  24  43  53  57  41  46  22  33  34  41  22  63  20  22  50  49  40
  27  19  31  24  30  19  26  23  21  24  18  29  19  22  16  28  17  27  17  27  16  27  20  25  17  26  17  27  29  30  24  20  28  17  16  31  24  19  28  16  24  26  28  27  22  16  26  28  26  26  31  29  21  21  29  22  20  31  21  31  22  27  20  28  27  24  18  25  25  18
  14  15  14  14  16  14  16  15  14  15  16  14  14  15  15  14  16  14  14  16  14  14  15  15  15  14  14  16  16  15  15  15  15  14  14  16  16  15  15  14  15  15  15  15  14  15  15  14  16  16  16  14  15  15  14  15  15  15  15  16  14  15  14  14  15  16  14  16  14  16
  43  21  39   9  39  25  19  30  55  42  28  32  44  39  24  26  43  52  43  40  35  20  29  33  40  37  23  38  31  53  27  50  14  44  31  36  28  36  22  26  35   9  32  17  21  45  38  10  14  39  38  37  16  23  36  35  23  30  39  23  52  26  26  47  36  28  12  51  24  45
  23  28  51  35  56  41  36  26  49  43  39  18  45  28  43  43  49  36  25  43  23  46  42  20  46  35  48  30  41  56  38  56  38  29  19  47  46  21  52  41  40  52  23  54  35  31  46  47  51  54  41  38  50  47  20  21  19  53  18  18  18  54  24  53  47  27  26  50  29  27
  15  54  21  56  21  22  41  19  31  31  16  53  36  23  56  25  43  40  28  44  50  51  28  48  22  40  23  36  36  19  22  31  31  29  36  39  18  17  22  35  40  47  32  18  47  54  18  50  40  23  35  51  50  39  33  53  29  23  31  54  25  51  54  55  50  33  24  48  16  50
  11   4   4   7   4  11   6   3   7   4   5   9   5   6  11  11   3   3  11   6   5   9  11  11   3   5   6   6   5  11   9   9   4   6   8   9   7   3   6   5   2  11  10   3   4   6  11  11   8  11   6   6   9  11   4  11   2   3   8  11  10   6   9   5   5   3   6  10   4   8
  16  35  16  38  38  17  43  41  18  22  26  36  22   6   7  11  49  32   8  30  44  49  22  35  39  40  11  37  14  42  29  21  16  11  40  39  38  46  22  14  38  31  45   6   6  22   8   5  44  18  28   9  13  28  48  31  39  33  39  31  49  35  24  17  43  20  42  12  31  53
  58  60  49  56  57  53  51  59  57  57  54  49  50  60  51  55  48  55  59  60  47  54  58  53  53  59  60  57  47  61  52  57  57  50  46  60  52  45  53  61  50  50  48  50  45  54  60  58  49  45  45  53  54  45  47  47  55  47  59  60  61  56  52  48  61  59  47  48  45  56
  20  20  27  23  32  24  25  26  22  25  23  22  33  27  22  20  24  27  27  31  31  27  24  22  24  33  21  24  29  24  34  29  21  34  27  32  29  30  28  25  29  27  34  33  34  28  22  21  24  20  31  20  21  27  27  32  28  23  20  22  21  29  23  27  27  32  28  25  32  29
  30  41  49  10  32  59  51  21  28  56  58  27  64  27  30  16  13   8  66  64  37  46  10  20  10  24  20  12  29  67  47  65  44  11  18  13  10   8  54  18  52  34  63  57  44  11  19  21  32  45  22  59  59  28  64  53  16  51  64  52  51  54  44  35  50  60  12  50  48  65
  49  49  48  48  48  49  48  49  48  49  48  48  48  49  49  48  48  48  48  49  49  49  48  48  48  48  49  49  48  48  48  49  49  49  49  49  48  48  48  49  49  49  48  49  49  48  48  48  48  48  49  49  48  49  48  48  48  48  48  48  48  49  49  48  48  48  48  48  48  48
  36  29  18  20  21  38  36  37  31  36  32  20  21  19  19  24  18  23  23  32  27  23  27  31  26  36  18  32  31  26  33  34  31  24  31  22  38  21  38  21  30  24  28  34  35  31  23  22  34  21  20  27  21  32  29  19  21  35  23  19  34  35  31  19  31  36  33  21  19  23
  17  26  31  15  27  31  32  30  25  29  41  18  48  13  21  20  35  42  17  37  28  29  41  13  14  39  34  33  35  40  17  19  30  31  16  12  28  24  40  16  39  48  36  43  43  31  24  29  33  24  44  39  36  29  40  14  20  33  21  18  40  21  15  28  29  47  44  23  13  26
  31  42  41  37  38  37  42  33  37  42  43  29  29  39  44  44  41  36  33  43  39  34  38  29  40  40  37  35  41  37  40  32  31  36  42  37  32  37  34  29  40  37  39  31  39  36  38  31  39  40  44  44  36  40  38  39  39  41  43  36  40  30  36  42  36  40  31  35  37  44
   9  25  45  14   9  39  43  15   1   7  12  36  16  13  19  39  20  40  49  17  29  11  17  47  10  33  37  41  26  21   9  28  37  31  21  21  34  11  44  31  12  33  27  35  24  36  37  48  46  18  47  28  22  19  26  40  31  38   8  35  10  28  23  45  47  30  10  11  42  40
  41  52  43  52  43  43  53  52  57  54  42  47  57  53  44  41  46  54  51  44  48  43  51  44  43  41  45  41  54  46  54  57  48  56  54  51  50  49  57  46  56  47  53  55  46  42  48  52  44  56  42  50  46  57  42  52  48  44  56  56  45  57  45  52  50  47  57  53  57  56
  16  16  17  17  16  17  16  16  16  16  16  16  17  17  17  16  17  16  17  17  16  17  17  17  17  16  17  16  17  17  17  17  16  17  16  17  17  16  16  17  16  16  17  16  17  16  17  16  17  17  17  17  17  17  16  16  16  17  16  16  17  17  17  16  17  16  16  17  17  17
   8   8   9   8   9   8   9   8   8   9   9   8   8   8   8   9   9   8   8   9   9   9   8   9   8   8   8   8   9   9   9   9   8   8   8   9   8   9   8   9   8   8   9   9   9   9   9   8   9   8   9   8   9   8   9   9   9   8   9   8   9   8   8   9   9   8   8   9   9   9
  43  47  48  45  48  46  48  39  45  41  39  47  41  39  44  41  40  43  43  47  46  40  45  43  48  41  39  45  45  45  44  40  41  48  47  45  43  44  43  42  40  46  39  47  45  42  39  40  39  41  44  41  40  42  45  39  46  48  40  44  46  44  47  45  41  45  48  46  46  44
  45  52  54  65  23  53  58  53  35  52  46  32  35  25  51  24  22  41  38  32  63  25  27  51  56  61  46  59  46  56  39  64  22  57  52  63  21  54  64  59  25  36  29  23  23  41  50  58  67  49  40  61  34  55  42  67  52  44  30  25  26  48  44  66  36  21  27  54  61  33
  47  50  40  49  49  53  46  52  37  53  46  51  55  35  36  41  51  38  45  49  41  35  39  38  40  48  55  46  34  38  38  46  50  39  52  54  36  45  40  40  39  34  50  47  38  51  53  41  48  43  41  44  46  54  37  37  36  42  49  54  53  45  42  55  37  55  53  35  48  34
  41  47  43  38  39  44  46  43  42  43  42  47  44  40  44  46  39  39  42  41  47  40  46  42  40  46  45  40  40  43  47  47  46  39  40  38  47  42  44  42  41  44  39  39  38  47  39  45  39  39  38  44  43  43  44  46  39  45  45  40  39  39  38  43  38  41  43  46  45  39
  14  30  22  16  27  20  33  33  41  10  36  39  16  26  15  37  41  18  22  28  21  42  14  24  11  22  13  35  40  30  29  23  21  22  31  29  30  20  26  16  38  36  40  18  23  26  12  10  17  38  23  25  18  14  31  39  37  36   9  21  30  11  36  20  23  27  23  30  15  25
  49  60  40  45  61  66  58  42  57  65  57  65  66  45  61  62  62  44  39  53  42  57  64  59  50  54  48  50  60  67  59  49  43  45  57  49  55  38  47  59  44  46  67  47  56  48  50  44  52  56  57  70  60  51  42  60  42  55  40  55  40  46  59  38  46  52  53  54  52  53
  16  18  35  20  31  20  49  70  60  28  55  22  47  59  47  52  33  59  50  41  62  58  22  20  68  41  32  53  68  59  17  19  12  21  31  36  49  12  31  28  12  12  23  33  21  22  42  63  38  23  15  35  70  32  57  34  58  12  40  23  51  54  27  70  44  12  14  60  42  58
  30  39  25  21  38  47  33  29  34  32  32  18  16  27  45  43  34  45  43  29  20  46  37  19  16  18  18  42  31  46  47  23  43  40  16  28  32  39  38  28  37  25  25  18  46  42  44  17  26  28  45  16  46  24  39  44  31  36  17  32  33  31  16  31  20  40  48  48  48  17
  44  29  60  49  38  37  60  61  44  30  58  56  52  51  40  46  54  53  55  54  36  29  58  40  46  51  45  34  44  50  47  60  43  58  29  48  33  57  35  31  46  54  50  59  29  30  57  40  44  38  35  31  50  54  56  39  46  57  42  41  39  36  39  45  55  62  39  52  30  39
  29  37  35  31  32  31  40  32  17  18  27  37  27  29  17  22  42  43  25  21  45  38  26  30  33  23  37  23  20  45  21  41  24  31  45  19  44  21  27  22  31  34  31  33  29  29  34  27  34  40  26  26  40  17  33  39  32  27  23  25  43  36  34  37  30  17  29  25  41  24
  62  46  66  47  52  55  53  54  66  62  46  64  44  39  49  43  42  63  37  54  54  64  53  36  57  49  48  66  66  37  47  50  58  50  43  49  58  53  58  40  53  56  61  41  59  39  58  55  64  44  50  53  59  58  56  53  63  44  65  44  36  64  62  40  53  37  66  61  57  44
  48  48  61  53  61  48  57  59  58  58  64  53  56  58  52  54  49  53  58  52  58  51  45  54  56  63  64  50  56  54  59  50  62  58  48  52  61  54  57  47  53  48  48  64  59  45  64  52  48  45  64  60  59  60  63  51  58  62  46  49  45  51  59  56  45  59  49  61  51  52
  51  50  52  53  46  49  52  46  48  51  52  43  53  55  54  51  51  47  47  54  45  51  46  51  45  45  55  52  53  46  47  51  53  51  51  44  44  49  53  53  42  43  51  46  53  47  53  45  42  53  43  43  55  55  54  42  47  50  43  47  52  51  43  54  55  55  53  42  47  55
  30  48  64  41  39  66  55  61  66  38  46  38  36  18  49  48  45  31  65  30  55  21  26  55  17  55  40  19  51  30  59  16  47  49  37  60  42  42  34  31  46  24  30  24  28  45  49  58  29  29  40  64  34  23  21  55  50  31  61  48  36  48  42  64  59  17  49  63  57  63
  32  39  36  20  35  30  39  27  16  34  20  20  16  28  34  22  22  29  27  37  19  32  38  16  14  39  36  24  18  18  34  16  34  22  40  25  34  38  23  41  14  22  27  20  29  15  24  35  18  25  39  26  25  32  29  20  29  35  32  17  25  23  30  35  17  40  29  13  25  32
  16  44   8  10  21  32  40  22  12  27  41  48  43  20   4  33  48  25  36  15  25  33  17  34  50   4  38   7  34  41  34  42  16  33  32  25   9   6  49  29   7  19   6  26  38  12  34  48   4   7  49   6   8  13  19  15   7  43  33  26  37  39  40   7  42  10   8  42  25  28
  28  28  29  28  29  28  29  28  28  28  28  28  28  28  29  28  28  28  29  29  28  29  29  29  29  28  28  28  28  28  29  28  28  28  29  28  29  29  28  28  28  28  29  29  29  29  29  28  28  28  28  29  28  29  28  29  29  28  28  28  28  29  29  29  29  29  29  28  28  28
  22  20  26  25  27  23  27  26  22  23  25  28  26  24  20  21  26  28  20  25  23  28  28  26  27  20  20  27  23  22  20  23  21  24  25  21  20  20  23  22  23  20  21  24  25  25  21  28  28  25  20  25  25  28  28  25  27  21  20  20  22  28  20  25  20  24  27  20  24  23
  38  42  31  48  39  33  44  36  33  49  35  53  47  28  35  45  24  29  36  32  35  34  21  38  31  28  29  39  24  23  48  22  28  30  30  52  23  45  34  51  30  23  30  38  41  26  28  50  46  47  30  43  41  51  42  52  45  23  35  39  50  49  51  44  42  51  28  39  22  25
  12  11  11  13  17  13  14  18  16  17  13  17  12  15  13  11  12  17  15  18  17  15  15  13  16  13  13  11  18  15  14  16  12  11  13  16  12  15  18  17  14  13  10  13  13  10  15  18  12  14  15  17  18  12  18  10  12  11  12  16  15  18  12  10  12  17  17  11  15  13
  26  25  25  26  25  25  26  26  24  26  27  26  25  27  25  27  27  27  25  24  26  24  26  26  27  27  24  25  26  26  24  24  27  27  27  25  24  25  26  26  25  24  27  26  27  25  26  27  26  26  26  27  24  24  24  26  25  25  25  24  25  24  25  24  26  27  27  24  25  25
  36  36  39  41  37  29  29  40  37  36  36  32  30  31  28  38  30  28  36  33  31  28  39  39  31  36  34  34  28  31  34  32  38  39  35  31  41  31  32  38  40  37  36  30  29  35  33  31  29  34  29  39  33  31  30  39  32  39  30  32  35  36  28  35  33  34  40  38  37  30
  26  26  24  18  21  20  18  17  28  30  15  25  22  28  22  27  15  25  14  20  31  21  16  22  23  23  26  28  30  17  17  25  24  17  30  28  16  31  23  14  29  29  18  26  22  14  30  14  20  28  18  15  29  20  20  15  16  21  17  30  30  28  14  16  23  24  14  30  28  31
  23  10  11  40  16  11  17  18   6  45  48  33  20  37  13  43  33  47  24  46  37  33  48  32  29   9  28  17  28  37  30  32  31  40  34   6  34  26  33  43  29  16  33  41  48  13  49  27  34   7  48  36  27  16  25  38  12  40   6  20  43  47  29  28  46  20  29  39  33  26
  10  11  28  12  30  12   8  18   8  10   8  18  18  17  20   9  29  23  19  13  33  10  21  28  13  22  10  20   8  24  29  18  32  25  35  35  22  27  23  15   8  33  25  20  26  31  17  15  25  11  29  31  17  14  32   8  22  23  17  32  34  21  29   7  24  25  13  13  14  14
  30  37  33  36  37  37  43  42  40  32  32  41  34  44  44  39  33  43  44  45  33  42  31  33  43  43  35  37  39  45  32  36  42  31  30  45  45  34  31  31  38  43  44  32  36  34  41  45  42  32  45  41  43  33  44  32  45  42  38  32  42  38  30  36  32  37  43  33  37  33
  43  42  40  39  44  39  41  41  39  42  41  42  44  42  42  44  39  44  44  40  41  40  39  44  41  42  39  40  40  41  39  43  41  40  39  39  40  42  43  40  40  42  43  44  40  44  44  43  44  40  44  43  43  44  42  39  39  44  44  41  41  39  39  43  42  43  43  42  44  42
  56  58  53  57  58  59  53  57  53  59  52  58  55  59  55  54  59  52  51  54  54  55  53  58  52  58  54  57  56  58  52  52  59  55  57  57  59  59  52  56  55  59  51  57  58  55  51  56  59  51  59  58  55  59  55  55  56  59  57  52  54  52  55  54  51  59  55  51  56  58
  47  49  47  45  46  51  45  41  45  41  45  49  50  50  44  47  40  45  39  43  40  42  40  51  40  39  49  41  47  51  42  44  49  39  49  45  51  46  39  39  51  40  45  46  51  48  50  46  50  47  45  47  39  43  47  46  46  47  42  46  43  47  46  39  46  39  46  40  47  41
  38  52  30  39  29  31  57  36  45  40  46  51  56  31  34  42  31  39  37  55  50  31  56  36  42  55  32  37  30  56  50  57  47  46  38  55  44  49  42  54  56  46  52  39  31  28  29  41  50  53  56  35  56  55  54  55  47  49  56  52  57  53  50  28  35  33  52  57  51  35
  25  26  26  26  25  26  25  26  26  25  26  26  25  26  25  26  25  25  25  26  26  25  26  25  26  25  26  26  25  25  25  26  26  26  26  26  25  25  26  26  26  26  25  26  25  26  26  25  26  25  25  26  25  25  26  25  25  26  26  26  25  25  25  26  25  26  26  25  26  26
  36  40  12  22  35  28  31  39  36   8  18  16  19  37   8  25  15  28  38  12  39  34  20  13   8  21  35  32  22  40  22  38  35  18  10  10  32  27  25  34  36   8  20  32  26  35  30  19  35  11  37  16  15  36  36  11  10  16  33   8  22  40  15  32  32  40  18  25  16  13
  43  27  36  31  14  15  16  30  31  32  36  48  27  38  40  21  28  50  16  17  26  28  14  30  18  38  39  45  37  28  18  35  31  50  19  26  36  46  27  37  16  28  32  19  42  28  24  19  46  18  21  27  14  35  19  46  44  27  38  30  14  20  17  28  31  38  27  50  42  26
  48  42  40  27  50  33  33  40  30  27  48  25  48  38  50  35  48  36  34  47  42  38  32  24  27  25  43  42  33  48  24  32  34  41  43  33  36  48  25  29  24  35  48  28  48  47  40  48  44  41  42  49  48  43  49  48  40  40  48  36  49  41  32  49  31  49  26  35  44  35
  53  39  46  46  55  60  45  55  40  67  68  58  68  67  51  47  63  58  59  41  51  49  47  67  59  52  63  44  50  53  69  43  55  65  67  58  61  60  60  69  56  57  46  41  40  51  56  50  46  43  66  66  45  44  55  49  61  50  51  57  65  58  52  52  39  60  45  48  68  45
  52  45  42  56  51  51  57  46  47  38  54  35  46  65  55  63  35  46  41  65  58  51  34  63  48  40  49  35  41  37  54  52  47  40  46  36  58  60  52  52  50  46  36  45  48  40  39  57  46  44  38  57  54  34  61  64  40  57  41  42  37  59  50  46  61  48  51  65  34  59
  34  35  42  30  30  57  25  26  61  34  51  36  14  55  34  59  26  43  14  10  40  29   8  30  54  53  30  35  47   9  52  45  65  54  43  28  53  31  27  46  58  26  17  14  55  57  47  66  44  59  65  26  14  31  44  41  34  12  17  48  10  22  28  44  37  43  52  18  44  12
32  69
