90
  65  60  50  46  55  65  60  46  54  65  64  53  61  57  66  50  55  48  65  52  44  53  65  55  63  67  53  48  67  57  65  64  51  66  52  55  58  58  47  66  56  55  67  62  44  66  44  65  53  45  64  52  56  67  45  47  48  50  47  57  59  55  52  66  45  44  63  45  52  44  65  61  49  65  46  64  46  66  67  55  63  51  65  48  46  62  52  54  63  52
  24  17  13  12  13  15  27  28   7  20  20  15  19  23  25  25  18  14  22  19  13   7  28  17  18   7  28   9  25   9  27  12   9  25  27   9  21  12  26  26  10  10  16  28  17  25  13  28  21  22  14  18   8  26  25  16  21  18  24  10  20  19  20  18   9  26  21  16  13  14  22  26  21  23  14  27  27  26  26  15  19  14  10  17  24  10  14  19  24  11
  35  64  28  32  68  49  27  62  65  67  36  47  49  60  62  54  67  64  45  27  27  43  44  29  52  57  24  64  40  45  39  34  30  30  64  55  55  60  69  59  55  69  48  61  37  27  26  69  47  57  37  35  69  27  62  22  38  22  47  65  32  22  69  34  47  58  45  32  24  34  24  35  41  66  27  31  48  58  67  59  57  46  22  64  48  29  65  34  28  22
  28  43  30  35  39  49  18  16  37  33  28  20  25  43  39  37  22  21  43  23  38  28  37  46  49  26  32  41  43  27  24  22  16  20  41  20  45  21  17  26  38  44  49  43  16  23  37  28  27  16  42  37  24  32  32  19  20  16  33  16  32  19  50  39  44  41  36  20  31  46  25  21  22  30  22  31  47  30  30  25  32  32  36  33  39  19  30  34  43  38
   4   6  18  11  21  21  11  37  30  27  37  27   5  12  16  36  27   8  14  25  13  32  24  25   3  26  24  34  15  16  13  32  28  23  24  28  12  32  27  13   9  12  32  37  35  12   6  35  29  31  20   8  31  35  34  37  16  23  26  37   5   9  27   5  15  21  15  11  16  15  20  33   5  13  33   3   5   3   5  25  33  13   3   3  10  29   5  26  35  15
  51  51  51  50  50  50  50  50  50  51  51  51  51  51  50  51  51  50  50  50  50  50  51  51  50  51  50  50  51  51  51  50  51  50  51  50  50  50  50  51  50  50  51  51  51  50  50  51  51  51  50  51  50  50  51  51  50  51  51  51  50  51  51  51  51  51  50  51  51  51  51  51  50  50  51  50  50  51  50  51  50  50  50  51  50  51  51  50  50  50
  31  15  24  22  28  16  20  30  22  25  19  27  31  19  19  24  14  21  26  25  23  10  23  15  32  24  28   9  30  11  13  32  25  15  16  15  19  22  27  28  10  20  13  18  21  30  14  21  21  23  23  24  18  23  27  24  21  24  10  32  24  32  10  27  20  30  20  17  25  15  15  17  12  13  17  27  13  16  17  26  29  13  31  17  26  16  14  14  28  14
  68  72  67  66  70  67  70  67  66  67  68  67  68  72  66  68  67  70  72  69  71  70  70  69  68  70  70  68  68  69  66  72  73  73  72  69  66  66  66  68  73  66  70  70  68  72  69  71  72  73  69  67  70  66  71  70  70  72  71  71  72  71  68  73  73  66  70  72  68  73  68  73  70  67  68  70  72  69  66  69  66  66  70  69  72  66  71  67  72  73
  45  17  23  14  45  14  47  42  29  35  29  25  27   1  33  38  29   7  48   1  40  39   3   3  10  10  26   2   6   2   6  32  28  47  27  29  38  40   3   1  10  45  45   7  36  26  18  36  11  18  37  36  18  21  31   8   7  47  31  21   7  40  34  30  12  43  20   3  32  18  24  27  19  41  25   4  25  33  23  26  33  42  45  11  11  26  28  46  10   4
  69  79  73  72  78  79  75  65  79  78  73  62  70  79  61  70  79  66  64  79  69  62  79  71  65  61  75  77  79  65  74  74  68  76  70  62  62  74  67  65  70  75  71  69  77  76  70  70  64  77  77  73  72  79  64  65  69  63  75  71  61  67  66  67  61  73  77  63  76  63  71  71  62  73  75  71  76  79  68  64  75  77  78  74  72  64  75  67  65  68
  70  70  71  74  71  72  72  73  73  73  74  70  74  72  72  73  73  70  72  72  71  72  70  70  72  73  74  71  70  73  73  73  72  74  74  74  72  72  72  70  73  74  72  72  73  72  74  70  70  70  70  72  73  70  74  73  70  72  72  74  70  71  74  73  70  71  74  72  71  70  74  73  72  71  74  71  74  72  71  73  70  74  73  70  72  70  72  71  70  73
  51  58  53  58  56  57  51  54  58  49  56  55  49  50  59  51  57  53  57  59  50  49  54  51  49  55  57  55  54  51  59  50  58  49  51  49  55  53  53  53  58  55  54  51  50  54  56  57  54  53  53  49  58  58  56  55  59  49  58  58  49  54  50  57  57  50  55  51  57  54  52  49  50  50  55  59  57  58  49  51  55  50  55  50  55  52  50  49  56  58
  53  52  58  38  63  57  51  35  57  45  26  50  27  53  61  67  49  38  51  35  66  52  41  53  62  48  67  34  32  30  33  42  37  31  35  65  34  51  66  50  35  57  41  65  67  69  60  63  59  46  31  26  47  27  50  33  69  63  58  70  38  26  45  54  58  41  25  24  44  70  63  49  29  62  33  66  49  63  47  31  22  51  36  36  61  30  48  55  48  47
  71  62  71  47  49  45  58  79  53  59  58  79  47  57  45  63  73  75  45  49  62  62  57  77  57  73  56  47  46  79  64  65  69  46  75  77  50  60  55  45  64  68  47  64  75  80  63  63  46  54  63  63  77  63  69  58  81  50  65  65  81  67  65  63  57  56  74  48  45  62  75  56  68  79  52  61  50  61  78  70  68  57  55  78  60  69  62  71  79  78
  57  53  56  54  56  56  57  54  55  56  57  54  53  56  56  57  57  56  56  56  55  53  57  55  57  55  57  54  55  57  54  57  55  57  55  54  54  53  53  53  56  54  55  56  55  57  57  55  56  55  53  55  56  54  57  55  55  53  57  53  55  55  55  53  57  57  57  57  55  57  54  54  55  57  57  57  54  56  53  57  56  57  53  55  55  57  53  54  57  53
  32  23  22  28  24  31  23  30  30  33  32  33  24  27  22  32  27  27  24  21  28  22  31  23  25  34  26  29  28  22  22  29  29  32  23  24  32  26  34  32  31  28  27  23  28  23  26  29  31  21  28  33  21  23  21  25  25  23  32  23  22  29  32  26  26  31  24  31  24  31  26  28  26  27  34  26  32  25  23  34  34  28  23  32  22  24  27  25  24  28
  47  54  88  58  84  65  63  74  56  82  86  48  50  87  66  69  84  80  74  49  57  69  82  59  75  77  48  73  83  50  83  66  49  84  49  62  48  81  65  81  63  77  63  74  53  54  47  49  46  54  89  67  88  78  85  49  72  89  47  75  64  75  57  81  70  55  66  58  56  48  83  59  62  73  49  62  70  52  46  62  49  76  57  58  79  59  64  47  82  66
  18  65  34  67  32  36  32  70  65  53  51  35  62  56  47  31  17  49  56  34  40  68  31  69  43  52  11  28  27  55  33  26  66  25  69  37  62  25  63  13  64  51  48  44  43  39  11  45  31  29  64  62  16  28  16  41  42  51  67  20  64  36  29  35  38  11  62  48  68  69  14  30  26  17  14  36  18  22  54  15  46  48  16  21  29  45  23  29  19  33
  16  15  16  15  15  15  15  15  15  16  16  15  15  16  16  16  15  15  16  16  16  16  15  15  15  15  15  15  15  15  15  15  16  16  15  15  15  15  16  16  15  15  16  16  16  16  15  15  16  16  16  16  15  15  15  15  16  15  16  16  15  16  15  16  16  15  16  16  16  15  15  16  15  16  16  16  15  15  16  15  16  16  16  15  15  15  15  16  15  15
  14  19  16  13  18  14  21  12  19  15  15  19  12  21  18  18  12  13  15  17  14  20  19  19  20  16  18  17  13  17  17  14  13  21  21  21  21  12  12  18  13  19  12  17  16  17  15  12  17  17  12  13  16  16  21  19  19  21  19  19  15  19  14  16  21  15  21  16  15  17  21  17  16  19  16  17  18  12  17  21  16  15  20  19  13  12  14  21  18  14
  37  20  29  83  55  85  29  49  17  81  63  56  72  48  26  84  11  10  41  32  49  34  53  38  25  66  66   9  19  54  37  51  26  70  50  29  45  32  33   8  22  50  11  65  83  80  47  75  66  36  14  66  14  18  66  39  36  47  84  52  72  18  43  50  43  16  78  45  17  11  19  14  59  58  81  66  46  66  39  70  27  53  54  28  51  84  42  29  45  43
  68  65  32  56  15  24  16  17  38  29  43  18  57  56  63  42  62  49  27  19  54  66  70  34  56  33  43  60  41  66  68  33  20  30  79  34  52  54  55  80  36  34  50  51  33  14  30  51  67  64  39  69  38  60  57  71  37  76  24  53  18  65  45  46  44  24  66  59  21  60  22  57  39  78  43  32  62  37  55  69  52  54  45  61  56  50  63  30  76  13
  23  47  60  12  24  54  10  38  19  15  59  54  13  17  45  15   8  18  28  54  43  13  15  15  59  15  42  22  55  60  38  24  10  13  52  41   7  42  31  38  11  33  28   4  34  34  42  30  35  30  37  22  34  23  28  28  33   8  58  23   5  42  21   7  23  32  57  22  40  36  37  57  20  37  41  48  44  34  13  29  20  46  30  45  21  52  11  19  53  13
  35  19  67  75  82  34  50  44  76  44  23  52  78  85  66  38  13  29  67  62  48  85  68  54  80  24  43  26  20   8  79  59  25  80  51  59  78  35  34  32  32  13  33  17  55  70  58  50  36  17  56  85  43  15  56  37  13  77  61  58  14  75  85  69  24  63  83  53  17  29  39  11  33  85  10   6  52  64  22  32  50  69  51  29  31  20  48  48  27   6
  34  27  25  29  23  31  35  37  32  36  24  35  21  29  31  24  29  21  23  26  34  25  21  34  27  25  27  27  32  31  31  24  21  35  31  28  23  23  33  26  30  24  29  34  24  35  26  30  30  31  23  30  32  35  24  35  35  31  29  25  27  31  31  27  35  25  35  29  31  37  35  27  33  21  31  36  31  22  34  29  28  35  32  29  36  26  33  22  21  27
  46  50  46  46  46  46  50  47  46  47  51  46  47  49  46  47  49  46  50  47  48  50  47  46  49  49  46  47  47  46  49  47  47  48  50  51  46  46  51  48  50  47  48  49  47  50  46  49  46  48  50  49  47  51  51  49  50  46  46  47  50  51  46  50  48  51  46  49  47  47  51  48  48  51  49  47  50  46  51  46  48  49  51  46  46  49  46  46  47  47
  60  49  61  42  45  54  42  38  43  56  62  45  55  42  63  48  55  50  46  53  39  42  43  42  56  46  61  55  60  47  38  40  63  46  45  51  63  49  48  44  52  40  48  38  45  50  63  39  45  53  53  57  49  41  63  55  52  53  42  42  52  52  38  59  49  42  60  60  62  43  47  60  53  60  50  50  42  53  55  38  56  57  44  49  60  52  52  47  46  43
  71  70  70  70  71  71  71  69  71  71  71  69  69  72  69  72  71  71  71  71  69  71  70  70  70  69  70  71  70  71  71  69  69  69  69  69  72  71  69  71  69  69  70  69  71  72  70  71  69  71  70  72  70  70  69  69  71  71  69  70  70  69  69  69  70  72  70  71  71  69  72  71  69  72  69  69  72  71  69  72  70  71  71  71  72  69  70  71  69  71
  65  65  70  69  69  66  67  70  66  70  67  68  68  67  65  65  65  70  65  66  66  69  70  67  70  68  65  65  65  67  70  65  70  70  68  69  69  66  68  65  66  70  65  70  70  67  68  70  66  65  69  69  67  65  68  68  67  67  66  66  69  69  69  67  68  66  66  68  65  65  68  67  65  68  70  68  65  69  65  66  69  65  68  69  66  68  67  69  68  68
  45  30  37  43  42  35  30  30  37  36  42  38  32  46  36  35  29  31  29  43  37  46  34  32  41  29  46  43  44  30  43  35  30  46  38  45  45  36  35  43  34  32  34  45  29  34  32  41  41  45  29  41  44  45  46  34  41  44  36  30  35  46  36  33  40  30  34  45  29  44  46  38  29  41  44  44  29  46  36  34  37  35  46  43  44  38  43  29  40  43
  33  33  31  34  37  40  34  41  36  39  40  34  33  35  39  28  40  33  38  39  36  37  40  39  42  40  41  35  30  41  36  36  29  37  38  32  29  36  38  37  34  40  38  33  33  36  29  32  41  29  41  38  42  39  36  42  28  37  31  35  30  33  39  42  41  41  38  42  35  33  29  34  29  33  30  33  32  29  34  37  39  38  32  34  36  33  36  32  36  31
  49  53  47  52  18  38  38  46  30  20  36  34  39  20  52  23  40  40  16  27  18  46  45  35  46  20  18  40  41  32  47  19  40  41  53  18  49  24  51  49  49  41  25  38  32  37  27  50  25  23  47  44  26  23  26  25  16  34  40  28  44  43  34  28  21  45  26  20  41  26  45  26  50  36  39  26  38  40  42  53  22  51  28  38  16  43  29  16  27  40
  80  50  50  61  59  82  59  49  76  59  68  50  51  51  47  76  69  82  55  63  76  61  76  71  81  53  80  49  64  72  74  84  69  56  52  57  66  50  62  54  70  52  52  63  52  76  54  47  68  70  51  76  71  68  45  48  68  74  51  76  52  68  83  59  45  58  83  62  50  73  63  81  67  66  77  52  52  66  78  75  48  61  61  79  72  69  65  47  70  56
  63  25  60  66  56  28  57  59  69  36  73  59  73  35  25  38  32  36  65  31  31  55  68  23  74  27  41  24  62  24  70  55  42  55  33  42  54  68  42  42  67  62  29  45  36  34  70  55  70  59  32  42  45  28  40  26  72  67  39  59  54  31  71  23  70  61  62  54  49  53  26  37  37  48  63  30  67  48  63  23  72  45  28  29  24  40  49  37  36  29
  79  80  77  76  72  77  80  79  76  78  77  77  78  72  75  72  73  73  76  74  77  79  80  79  76  75  80  75  79  75  79  78  73  79  75  72  73  74  74  74  73  76  79  73  72  76  72  76  78  74  72  72  79  73  72  78  73  79  72  76  80  77  73  75  75  74  77  78  77  77  77  76  78  74  74  80  74  80  76  72  72  73  74  73  77  75  72  77  77  79
  25  25  25  24  23  25  24  24  23  23  25  23  25  24  24  24  25  23  23  25  24  23  25  23  24  24  25  23  25  23  25  25  24  25  23  24  23  25  23  25  25  25  23  23  24  23  23  23  23  25  23  24  24  24  24  25  25  25  23  23  25  24  25  24  25  23  25  23  23  23  25  23  25  25  24  24  25  23  23  23  23  24  25  24  25  23  24  24  25  24
  62  34  32  50  32  36  58  34  34  60  55  66  46  47  43  67  58  79  34  61  38  60  30  39  74  80  41  64  38  51  53  72  82  30  73  28  68  41  60  41  64  82  60  56  67  44  34  38  71  70  79  71  54  31  41  43  35  81  39  78  69  80  30  36  37  40  68  36  62  44  49  34  63  40  37  40  61  59  59  73  62  75  63  62  70  36  40  57  44  73
  55  29  29  39  55  36  42  31  52  41  30  40  54  36  45  40  44  54  38  36  53  55  31  39  56  39  32  27  53  35  51  31  52  46  31  37  42  43  49  52  45  33  44  28  34  35  45  49  56  50  40  57  51  33  33  55  35  51  27  56  41  34  38  51  41  35  27  41  48  50  52  39  45  39  33  29  43  36  37  48  52  41  52  57  31  45  42  38  32  40
  60  53  30  66  51  49  47  72  68  39  34  52  56  28  26  67  57  56  38  63  24  33  57  25  39  48  54  46  44  75  75  36  33  42  53  47  53  58  52  57  63  34  30  47  67  68  72  67  48  53  45  46  34  75  39  61  26  73  72  36  74  38  25  28  56  59  49  72  66  71  46  33  63  24  63  62  54  45  29  62  72  48  23  28  65  54  36  30  66  51
  41  59  74  55  62  66  44  49  47  45  51  74  65  73  39  53  60  75  65  56  74  72  68  41  72  65  39  47  50  55  60  72  53  50  62  59  72  66  48  65  67  52  68  67  76  55  38  77  63  72  46  43  51  45  67  70  52  67  57  63  39  54  46  44  62  57  73  71  38  36  71  41  68  38  46  53  53  38  55  54  38  76  39  41  46  44  55  53  37  38
  55  54  55  46  55  45  42  57  56  57  44  51  52  52  48  46  48  50  41  44  44  47  43  55  49  49  54  43  45  53  56  43  43  48  47  50  47  42  44  56  42  43  46  41  50  51  45  50  57  48  47  42  54  49  41  42  42  55  56  43  45  54  42  41  55  56  49  55  55  55  55  51  47  42  45  47  44  56  52  41  48  51  57  48  55  43  55  54  42  43
  53  57  54  55  54  53  57  55  53  56  54  55  55  55  56  54  54  55  56  53  57  56  54  53  55  54  55  57  55  54  56  55  54  57  57  57  56  57  54  53  54  54  56  56  54  57  55  57  54  54  57  53  55  53  54  53  55  56  55  53  53  55  57  53  56  53  55  57  54  54  53  57  56  54  54  54  55  54  54  56  53  56  54  57  55  54  55  55  54  56
  21  28  49   8  22  37   8   8  12  22  29  42   7   8  23  12  54  27  30  32  46  25  43  10  23  42  49  54  20  30  44  18  54  38  47  29  23  44  13  34  41  13  51  34  20  48  47  11  28  23  32  54  10  27  46  10   6  22  18  26  31  37  15   6  17  17  25  17  31  27  50  27  10  45  28   6  37  37  14  35  44  10  49  39  23   6  22  48  54  33
  60  63  53  47  49  58  59  50  57  54  57  52  63  64  50  47  58  58  57  49  64  62  57  51  64  47  53  50  54  58  55  57  57  67  64  59  64  67  62  48  57  47  49  53  62  52  67  50  60  47  59  53  56  56  61  48  56  51  64  56  61  64  58  60  49  59  47  53  54  67  59  61  61  68  53  62  60  65  58  52  68  66  63  49  57  58  48  62  68  50
  68  52  30  38  72  32  71  65  68  14  34  50  70  35  47  18  40  64  55  55  60  26  17  48  66  28  68  48  68  24  46  15  61  69  28  67  53  33  25  29  52  11  53  54  68  34  53  14  70  17  13  34  49  51  34  19  45  23  52  18  45  55  60  65  34  72  53  27  17  72  16  56  59  39  34  37  10  61  39  52  14  14  12  45  24  62  64  23  36  59
  55  45  36  35  31  48  45  33  38  54  38  40  36  29  53  35  35  36  55  49  41  47  23  55  46  54  39  40  35  42  51  33  51  56  30  43  43  50  32  30  25  26  51  29  49  25  51  24  57  47  27  54  37  42  33  47  31  32  55  57  38  29  28  41  51  31  31  26  22  28  41  47  51  24  35  44  23  26  35  57  39  25  39  34  37  53  23  41  43  52
  53  51  46  47  42  41  52  47  58  57  42  62  51  47  67  58  51  43  36  51  46  62  44  36  59  44  42  51  50  54  59  36  59  42  61  36  40  38  45  47  44  52  40  40  48  37  35  54  47  57  59  34  63  64  40  58  67  40  62  39  36  34  53  52  66  43  45  56  51  41  34  65  35  54  65  61  35  53  57  58  66  51  59  62  67  39  61  56  47  48
  56  58  60  59  49  55  50  49  59  53  48  53  55  51  47  48  48  53  56  55  53  47  56  50  53  51  47  60  57  53  52  60  47  49  59  60  55  51  48  57  56  58  49  48  50  55  59  49  57  57  51  48  50  55  57  54  59  59  58  52  49  52  57  54  47  52  55  60  48  53  59  49  47  59  49  58  56  49  58  49  48  57  56  49  55  55  50  57  53  50
  31  36  27  32  35  30  30  29  37  30  28  31  38  29  38  27  28  27  26  27  37  28  32  26  36  32  28  28  30  33  35  29  37  37  38  34  35  38  35  30  37  27  33  31  26  28  34  30  33  28  33  29  35  26  38  38  28  38  35  36  29  36  32  35  29  31  32  29  33  35  29  26  30  29  31  37  35  37  31  31  26  35  31  29  37  33  26  34  28  33
  66  65  46  55  63  62  65  46  52  51  65  46  49  48  46  58  52  51  60  45  53  57  54  52  59  54  51  65  47  45  55  66  57  52  52  62  53  65  49  51  50  64  49  65  64  53  64  53  65  53  66  60  44  49  54  50  59  59  45  60  54  51  48  51  53  63  43  58  52  51  56  57  64  60  59  60  48  56  63  64  43  60  61  50  63  63  67  43  62  54
  20  17  19  23  18  20  17  21  20  17  20  23  22  20  17  17  20  18  22  21  19  22  23  22  17  23  21  18  17  20  17  23  21  20  19  20  23  21  20  19  18  23  17  22  18  20  17  21  23  18  17  19  17  22  20  21  20  21  23  22  18  22  23  19  20  20  20  22  20  17  21  21  19  17  20  19  19  22  22  20  22  19  23  19  19  17  20  23  21  17
  60  53  57  54  39  33  79  64  58  68  81  62  45  43  68  80  74  37  31  80  84  54  54  48  75  49  84  66  51  36  28  57  43  42  45  34  57  69  81  74  74  35  75  59  27  29  77  49  49  72  62  31  84  68  84  71  41  67  52  55  37  36  46  84  57  33  47  63  75  56  46  79  28  79  26  70  78  45  45  35  37  76  49  65  83  29  33  79  82  59
  61  49  58  45  57  40  44  44  51  59  41  50  55  37  41  35  58  54  41  63  51  35  39  44  37  53  32  36  32  46  41  40  63  42  41  35  56  41  54  63  43  37  41  43  36  35  52  38  42  39  57  36  38  49  50  40  60  55  36  56  41  51  33  60  44  39  51  57  48  36  41  42  52  63  41  58  40  53  35  44  41  55  58  41  61  48  45  46  44  50
  20  11  23   8  25  22  17  26  15   7  32  18  36  33  25  19  33  24  34  27  15  20  14  26  33  26  22  17  36  24  36  14  35   7  32  32  26   7  11  15  24  24  25  19  34  22  35  24  22  22  21  31  15  14  30  30  23  36  12  23  36  13  26  19  33  36   9   9  36  11  18  32  16  27  21  33   8  26  20  29  23  31  15  13  30  25   9  30  25  31
  65  76  52  68  48  62  63  51  64  73  54  69  56  59  40  54  76  43  59  46  76  69  39  39  69  59  65  43  76  68  71  47  58  58  61  50  67  53  76  68  47  71  56  46  54  68  56  70  50  68  44  47  65  59  53  40  74  65  76  70  74  73  67  71  68  56  46  41  71  56  65  54  66  44  63  55  66  48  60  46  62  63  59  43  49  74  54  70  46  46
  30  27  30  26  30  28  27  25  29  30  28  29  29  27  30  27  26  26  30  29  28  29  27  25  25  29  25  28  26  30  30  27  28  25  25  29  25  30  28  25  28  30  27  27  26  26  26  28  26  25  27  25  30  26  29  26  27  27  29  27  25  25  29  27  26  29  27  28  25  25  26  26  25  29  27  25  25  25  27  28  25  30  25  28  25  27  25  28  30  28
  56  59  63  55  63  60  59  56  53  57  55  55  59  55  59  61  54  62  54  62  56  62  54  57  63  58  54  57  56  55  55  63  53  53  55  63  55  59  54  57  58  60  60  61  60  61  56  62  53  55  62  53  63  58  61  57  55  61  55  59  55  59  55  55  54  57  58  57  63  57  54  56  63  56  59  60  55  59  54  57  54  53  53  55  54  58  58  62  58  61
  65  43  41  31  44  50  35  58  31  39  42  49  73  32  60  59  20  53  45  43  10  38  24  14  40  25  62  40  52  13  32  76  69  48  62  51  73  47  32  30  45  19  36  78  55  18  66  35  12  66  24  39  68  14  40  60  43  17  36  53  23  22  63  69  20  36  18  22  42  20  72  38  20  52  80  46  70  18  25  33  28  66  19  53  22  41  74  50  28  13
   7  22  25  18  11  11  23   5  25  23   9  14   9  25  23  15  25  21  22   8  25   7  11  25  13  13  17  19   7   9   5  18   7  21   9   9  15  17  11  20  17  18  21  12  21  24  13  12  16  18  18  12  25   9  24   8   8  15  14  14  15   5   9  23  26  23   5  10  22   9  24  15   7  26  14  18   9  11  17  20   7  11   9  11   5   9   9  18  21  22
  35  44  25  45  48  69  42  45  69  24  36  38  58  26  41  25  37  41  67  44  40  48  46  48  47  31  52  42  66  69  59  24  42  49  58  31  50  30  55  43  52  56  32  65  35  49  41  68  65  58  56  47  58  27  57  38  53  64  59  35  65  35  47  67  37  62  27  62  68  44  50  60  24  58  48  50  67  57  36  28  34  37  59  33  65  62  52  24  40  70
  47  46  61  55  46  35  48  49  48  33  40  34  40  47  43  45  49  46  52  53  55  39  51  60  44  52  39  58  44  34  40  58  33  61  48  40  57  47  37  52  38  35  39  53  40  36  57  42  46  38  38  47  40  36  47  45  60  52  35  36  40  44  46  53  41  57  44  47  47  47  53  51  56  60  44  40  49  49  43  52  47  60  40  47  53  58  35  47  37  60
  88  88  88  89  89  89  89  88  89  89  89  88  88  88  88  88  89  89  88  89  89  88  88  88  88  89  89  88  89  89  88  88  88  88  89  88  89  88  89  88  88  89  89  88  89  89  88  88  89  88  88  88  89  88  88  88  89  88  89  89  88  89  88  89  88  89  88  89  89  89  89  88  88  89  89  89  88  89  88  89  88  88  88  88  88  88  89  88  89  89
  25  24  35  59  28  48  28  57  26  62  38  62  43  39  57  30  13  33  20  29  38  52  38  23  16  36  16  42  21  32  35  41  57  10  12  55  31  19  12  58  47  19  14  17  52  17  24  28  26  49  55  27  48  29  49   7  15  50  57  47  49  15  23  32  39  47  56  38  24  24  12  44  40  49  21  37  38  12  30  35  17  26  30  57  11  16  53  58   9  21
  49  51  33  37  34  50  34  51  51  34  39  53  40  45  41  40  51  34  41  47  45  33  43  35  44  51  34  41  37  33  51  49  36  50  34  38  37  34  40  47  48  45  32  40  33  40  33  44  53  38  37  33  47  51  36  35  52  37  53  46  49  49  41  50  35  43  39  32  48  35  46  49  38  43  39  33  33  38  40  36  40  34  39  32  40  50  52  52  47  44
  12  30  30  30  11  34  20  16  23  36  19  39  30  26  32  39  22  11  28  11  38  18  35  11  33  39  25  26  15  18  16  18  12  26  37  38  24  34  19  28  12  13  13  36  32  11  33  31  25  40  32  14  27  36  25  34  36  22  13  35  20  19  13  22  20  31  22  32  23  40  11  22  24  33  16  16  17  18  12  27  22  11  31  15  29  19  32  20  34  24
  34  56  62  57  61  37  44  55  34  41  34  62  48  65  38  51  53  45  51  55  55  56  45  37  57  43  53  59  54  48  43  35  63  36  52  62  36  47  57  57  60  56  49  49  64  58  65  49  33  40  36  54  42  67  49  51  54  66  60  46  48  59  41  56  38  41  52  39  40  53  48  44  47  61  34  65  56  44  61  51  49  54  64  67  61  55  53  44  49  56
  65  72  59  62  74  65  63  70  70  65  64  67  73  65  62  61  69  59  67  61  70  60  62  72  64  72  63  72  69  60  61  71  69  64  71  66  63  73  62  63  70  60  61  68  66  69  59  63  70  60  62  72  62  59  64  59  67  64  72  59  71  64  73  62  63  72  59  59  69  72  62  61  71  66  65  64  69  73  60  67  71  59  64  73  63  70  73  60  63  68
  52  53  26  30  40  16  53  41  37  62  19  44  18  62  45  23  29  19  55  36  51  32  56  47  60  26  42  29  35  42  58  62  53  21  58  35  40  49  33  42  59  24  51  37  20  46  23  48  31  26  23  51  44  42  61  37  62  34  20  42  61  50  43  48  27  32  42  20  39  52  38  43  62  58  35  28  20  17  28  22  22  53  49  33  29  33  34  39  16  59
  50  46  51  54  53  53  47  45  51  45  46  45  47  50  47  46  51  47  45  45  47  50  51  48  52  49  45  54  47  48  53  51  49  53  44  54  50  47  44  48  46  54  46  49  48  48  54  48  44  45  51  53  51  51  44  46  44  52  52  44  44  46  47  54  46  51  48  45  50  52  46  46  49  45  46  45  49  47  52  48  53  54  44  52  47  49  47  47  44  45
   3  38  33  16  15  55  33  48  35  44  60  65  45  70  41  30  41  29  40  44  25  37  66  65  45  59  40  28  67  34  16  21  63  27  45  57  67  30  45  66  67  30  52   4  69  52  68  39  27  13   7   5  15  27   5  50  21  54  50  29  46  62  63  36   4  43  39  67  53  47  28  62   4  16  19  28  58  51  34  54  33  15  27  38  48  39   3   5  12  48
  19  25  15  24  32  40  43  28  22  14  43  39  12  22  25  41  26  22  29  19  14  38  27  28  27  32  23  22  25  22  43  42  36  25  20  41  31  37  41  15  12  38  33  37  26  26  41  40  18  16  13  17  23  19  36  17  42  41  25  23  29  37  42  24  23  14  18  41  33  32  25  43  27  34  27  40  18  29  12  32  26  32  18  31  14  25  30  25  38  15
  38  42  42  42  37  45  36  38  39  43  45  37  37  48  41  48  40  48  45  46  42  43  44  43  46  39  42  46  41  43  46  38  40  37  42  39  37  48  41  43  43  44  37  39  44  43  40  37  38  39  42  37  45  43  41  37  36  40  37  44  42  40  40  46  40  46  45  47  42  37  39  44  44  43  38  45  41  48  36  37  40  42  45  44  43  42  48  38  45  39
  52  68  33  29  54  71  48  58  47  76  78  41  40  35  58  59  43  35  33  78  68  75  36  60  46  37  31  59  72  41  31  42  33  30  75  71  65  78  54  80  77  79  40  77  71  67  29  65  58  71  31  41  57  35  46  46  56  63  74  43  29  52  52  36  69  71  51  68  79  39  58  74  48  30  41  41  66  66  53  58  36  37  49  80  35  36  50  55  57  79
   5   6   5   5   4   3   3   6   5   6   6   2   6   6   4   6   2   3   6   3   4   2   3   5   3   3   2   6   6   2   4   5   2   3   3   5   3   4   3   4   2   6   3   2   5   5   2   2   4   2   5   6   3   5   3   2   5   2   2   4   6   4   4   5   2   4   5   4   4   4   4   4   4   2   2   6   6   2   2   3   5   3   2   2   2   2   2   5   6   4
  19  26  17  18  28  42  38  38  26  45  21  30  40  59  53  28  54  34  20  26  62  38  46  57  57  55  56  33  16  45  14  47  19  52  24  27  35  20  44  41  45  24  50  53  57  62  60  13  50  47  46  14  39  62  59  37  12  11  36  30  22  32  24  24  30  37  37  58  46  25  62  27  15  38  20  17  14  26  61  13  59  18  60  11  21  14  46  41  36  23
  39  51  56  37  45  64  61  48  67  60  55  33  49  39  47  66  66  40  66  50  54  34  64  46  54  64  61  53  59  61  40  50  43  43  66  48  55  54  49  46  37  51  62  59  46  51  45  50  58  47  54  62  38  63  59  47  39  45  48  54  62  52  52  49  36  44  45  45  60  41  40  38  58  35  66  39  60  48  58  44  61  63  43  54  62  67  39  41  36  41
  50  64  50  54  55  56  62  53  54  59  50  51  47  64  56  62  50  54  50  58  64  64  65  58  47  65  52  65  53  50  65  62  64  62  54  61  52  47  64  47  65  57  62  63  49  51  49  60  58  53  51  60  64  51  52  63  65  54  55  60  57  57  59  60  56  64  54  57  48  56  61  52  50  63  47  53  63  48  58  61  58  65  52  60  49  61  55  57  49  47
  42  46  44  41  49  42  43  42  43  47  42  41  46  45  40  49  48  44  48  44  42  44  46  49  49  47  44  40  48  45  47  41  46  44  40  48  49  46  42  46  40  41  48  48  40  47  45  48  44  40  40  40  41  45  45  43  42  49  47  49  45  48  46  47  47  48  43  40  45  44  49  42  41  40  47  48  49  46  46  42  47  44  42  45  43  45  40  42  49  42
  38  47  24  16  25  41  27  43  22  26  25  46  23  30  33  45  16  21  41  21  43  17  49  30  29  28  21  30  26  51  41  34  33  36  15  16  49  34  26  47  24  50  50  36  48  33  40  38  16  50  38  45  17  18  34  22  35  38  44  18  13  41  40  30  37  16  41  31  48  40  34  43  22  23  32  24  15  45  24  27  39  20  38  16  21  37  42  49  29  26
  83  72  79  65  72  76  74  90  66  72  73  78  68  88  69  60  88  65  90  67  77  69  70  89  68  74  68  67  62  63  70  65  79  71  65  74  71  64  87  69  85  83  79  66  61  61  85  74  89  85  62  83  75  88  82  70  68  71  61  82  69  67  75  69  59  66  86  61  59  69  87  64  66  76  86  65  84  76  67  81  87  65  77  78  66  78  65  63  90  88
  24  31  30  28  31  37  32  19  37  26  37  20  38  31  41  37  21  33  35  23  35  24  19  33  30  19  31  23  37  27  38  26  31  27  35  41  19  29  21  31  25  35  28  32  36  23  41  41  25  26  24  41  34  20  34  39  20  40  41  23  21  19  27  39  30  34  26  41  33  36  34  20  40  19  38  23  39  40  21  29  41  20  35  29  26  22  29  35  36  23
  73  75  21  44  72  10  42  73  70  52  30  23  37  80  53  41  84  84  57  48  44  89   5  47  40  40  76  55  37  66  65  19  71  61  89  88  65  57  10  32  15  19  49  79  17  89  49  60  28  20  84  30  48  68  68  45   9  84   5  21  68  47  31  40  53  21  48  16   5   8  12  76  58  16  56   8  76  16   5  24  15  50  60  54  38  54  49  18  49  24
  59  57  57  47  53  67  58  47  67  57  46  42  53  49  50  68  39  43  59  52  51  58  53  63  65  47  63  62  51  41  54  48  40  44  61  49  58  44  51  56  48  45  48  51  43  40  52  42  48  39  58  58  66  39  48  44  47  47  38  39  57  59  50  47  61  54  45  42  65  44  40  60  53  46  61  49  51  64  65  43  51  61  50  38  41  39  42  58  52  55
  15  22  14  28  26  30  33  12  30  31  31  17  17  29  12  13  16  23  23  32  31  21  28  27  15  28  13  28  26  26  33  24  24  17  12  21  25  24  17  22  31  12  18  19  33  20  23  16  31  19  29  21  20  17  11  32  17  16  21  28  30  27  32  22  20  15  16  17  26  15  31  30  15  20  11  33  21  16  21  27  31  31  28  11  26  21  28  25  12  16
  63  63  62  63  64  64  62  63  64  62  65  63  64  63  64  64  62  62  65  62  62  65  62  62  63  63  62  65  62  63  63  63  65  62  63  62  63  64  63  65  63  63  64  63  62  63  62  64  65  62  65  63  63  64  63  63  62  63  63  65  65  62  62  65  62  64  63  63  62  65  64  64  62  62  62  62  64  62  64  62  62  63  63  64  63  65  63  64  65  62
  28  30  30  30  30  28  30  29  29  28  29  28  30  29  29  29  30  28  28  29  29  29  28  28  29  28  30  30  28  30  29  28  28  30  29  29  29  28  28  29  29  30  28  29  28  28  29  28  29  28  30  29  28  28  30  28  30  29  30  30  30  29  30  28  29  29  28  29  30  28  29  29  29  29  29  29  29  30  28  30  29  28  29  28  28  29  28  30  30  30
  35  39  31  35  30  33  31  36  39  31  38  33  41  35  33  39  37  33  42  34  31  34  38  32  38  34  32  33  39  40  34  36  30  33  32  35  34  33  41  42  40  41  34  32  36  32  33  39  38  42  38  30  41  36  41  32  34  37  39  35  39  37  37  31  34  42  30  41  34  31  42  38  39  40  39  35  34  30  34  31  39  32  35  38  39  42  31  34  39  37
  74  72  66  67  67  75  72  71  71  65  65  75  69  74  74  70  73  68  74  75  74  67  75  67  70  71  68  71  74  69  72  71  67  75  68  66  69  65  73  66  70  66  75  74  69  69  69  71  68  72  65  68  65  69  66  70  72  66  72  72  68  69  67  67  69  69  68  69  73  70  67  65  69  69  72  65  74  71  67  67  74  68  69  70  71  66  69  67  73  66
  49  65  57  66  47  62  68  61  51  58  54  63  50  57  53  67  50  49  67  50  55  59  56  50  57  65  59  53  63  48  52  68  63  54  51  60  50  58  60  64  59  53  65  66  60  68  48  64  56  48  66  66  55  50  47  68  65  49  63  52  58  50  56  47  55  50  48  63  68  48  53  67  64  51  66  64  50  53  55  54  53  55  61  53  57  50  63  67  66  61
  70  60  71  58  63  51  70  51  47  70  69  59  69  66  75  73  51  68  71  52  73  57  58  67  62  75  77  52  70  48  71  66  72  74  52  52  58  71  67  49  50  58  53  68  57  51  72  60  66  53  76  64  67  46  57  70  67  50  62  49  66  53  77  52  75  50  66  56  63  77  53  55  55  49  69  62  64  56  76  71  57  70  68  60  76  72  64  70  59  74
86  1
