100
  45  34  45  39  59  38  53  52  49  58  43  56  33  46  52  59  34  43  38  41  52  56  44  39  34  49  33  34  43  43  37  39  52  53  58  42  53  50  57  52  45  50  57  53  47  36  39  38  43  58  56  33  59  57  37  44  35  42  56  45  44  51  34  36  34  46  44  48  33  37  51  55  49  54  46  54  42  49  37  43  42  56  42  55  45  35  40  42  44  33  39  34  43  44  45  37  57  44  49  48
  52  51  54  51  46  45  89  77  49  53  86  93  64  68 100  84  86  77  59  80  83  80  75  97  75  58  91  58  90  75  76  99  82  52  48  74  65  76  80  80  65  50  68  61  57  53  65  74  86  43  76  71  93  46  78  76  60  46  76  73  91  65  96  63  90  83  82  47  62  72 100  62  47  75  71  61  86  92  61  88  87  93  88  99  63  56  81  77  67  47  43  64  98  68  92  90  67  95  48  48
  37  21  13  54  15  55  26  75  35  21  47  59  16  64  64  26  21  25  39  53  17  58  12  58  53  45  54  27  11  14  54  55  60  48  72  34  45  64  43  39  74  61  14  38  29  61  64  17  77  53  46  68  11  17  33  59  35  12  66  46  68  56  62  48  33  73  13  44  27  74  69  72  35  18  51  22  63  72  13  13  32  75  64  61  13  70  63  52  17  40  53  68  49  69  16  28  71  51  53  61
  93  95  98  94  96  95  96  95  93  94  98  93  98  92  96  92  96  92  97  93  98  96  97  97  95  94  95  98  95  95  93  95  98  92  96  98  92  95  96  92  98  93  96  96  96  96  93  93  98  95  93  94  92  97  98  96  92  94  96  93  95  93  93  98  98  98  97  96  98  92  92  94  92  93  92  98  92  96  96  98  98  96  92  94  93  94  97  98  96  92  92  95  92  98  96  92  95  98  98  92
  57  78  61  71  56  61  65  69  73  59  72  78  57  77  65  72  78  69  64  59  61  59  61  68  75  74  72  68  57  57  67  69  58  60  59  63  69  65  67  67  66  75  68  68  69  66  65  72  72  64  56  70  72  61  59  76  59  66  77  75  74  74  70  71  68  60  69  72  66  62  77  64  77  65  65  76  56  72  67  65  75  65  72  62  67  73  66  70  77  59  58  67  74  57  58  67  62  68  64  69
  57  65  61  57  64  59  62  65  58  58  64  57  61  58  57  64  63  58  64  63  63  63  60  57  59  65  64  64  58  63  59  59  58  65  60  64  63  60  62  64  59  65  65  65  60  61  58  60  59  64  61  63  63  59  57  61  64  57  62  57  65  57  60  64  65  62  60  59  61  63  57  61  64  62  63  62  61  59  57  59  58  62  64  59  63  62  57  60  63  61  58  58  60  61  57  57  59  60  65  62
  83  65  44  71  79  49  79  79  62  70  38  63  90  61  72  67  57  62  41  92  46  70  56  42  86  67  61  52  42  42  78  74  80  87  77  79  40  77  59  56  47  39  70  48  86  78  92  77  44  67  58  76  74  77  76  88  75  81  78  47  75  52  73  91  73  49  62  40  52  68  63  60  75  59  47  58  91  68  85  50  52  48  57  43  63  54  54  50  85  58  45  85  86  73  74  65  39  57  62  88
  30  47  65  50  71  46  59  75  69  65  55  43  77  26  77  36  27  38  33  66  46  75  75  45  70  51  49  64  28  28  54  56  48  75  54  75  55  52  49  58  74  53  64  42  52  54  36  56  66  43  57  45  76  66  37  39  68  62  41  36  74  53  36  50  57  57  56  49  71  66  32  26  67  48  44  78  50  35  71  62  49  74  66  56  33  57  40  71  58  54  71  29  75  62  77  30  67  33  71  57
  16  13  15  21  21  17  17  19  12   9  22  15  16  19  22  15  19  15  21  22  13  10  12  12  19  20  11  13  18  22  19  11  17  13  18  20  20  22   9  12  14  14  13  18  10  10  12  13  16  22  20  16  18  15  14  12  11  11  22   9  20   9  15  17  16  17  16  21  12  12   9  12  20  18  14   9  12  22  16  20  16   9  22  13   9  21  21  10  12  22  14  11  13  13  22  19  18  15  17  12
  50  69  91  94  52  66  44  65  52  73  90  41  75  46  45  65  93  65  97  50  77  93  83  53  88  87  56  87  49  78  61  63  57  42  61  70  83  76  93  81  58  91  82  41  57  43  79  81  69  54  80  95  96  51  97  44  50  87  99  58  89  59  99  96  71  61  90  96  97  68  77  92  83  95  69  86  57  45  62  81  54  94  70  79  78  55  57  53  45  76  70  59  91  52  51  80  54  52  70  98
  96  98  95  98  97  97  96  97  97  98  98  95  95  98  98  96  96  98  96  98  97  98  98  98  97  95  95  97  95  97  97  95  95  95  98  96  95  95  97  97  95  96  96  98  95  96  95  98  96  97  96  96  96  98  96  95  98  98  98  95  95  98  96  96  97  95  98  96  96  98  98  97  98  95  95  96  96  96  97  95  97  95  96  95  98  98  97  97  96  97  95  96  98  98  97  96  95  98  97  95
  30  26  31  34  39  35  36  38  38  41  27  39  40  32  34  38  34  41  42  29  40  34  37  39  29  40  40  31  33  26  34  42  39  32  30  33  41  27  43  42  37  31  43  37  28  29  32  33  31  31  30  38  41  41  27  39  39  43  36  31  40  33  38  37  35  26  41  39  38  35  35  37  40  32  41  40  27  34  29  38  35  34  40  41  30  27  29  44  33  29  27  36  43  28  32  27  32  42  43  38
  47  43  42  43  46  37  49  46  44  45  48  38  43  47  37  41  43  44  40  35  40  46  47  35  35  46  44  40  37  47  49  44  37  47  39  49  37  47  49  44  43  42  47  37  43  39  38  37  43  49  47  38  45  45  40  47  41  46  38  44  40  39  49  44  40  44  42  38  48  43  48  40  47  45  37  40  43  40  35  49  36  44  48  39  48  48  49  49  38  46  40  39  49  45  45  49  48  38  42  41
  19  13  23  26  14  18  17  20  24  11  24  16  24  11  11  28  27  24  18  18  11  20  17  11  20  22  28  18  25  21  17  24  13  26  16  27  25  22  21  25  22  20  24  11  21  16  23  19  16  15  11  25  20  12  28  24  12  27  17  26  25  25  23  25  28  17  11  24  19  26  22  20  14  16  27  27  22  28  25  26  27  21  16  25  25  18  27  23  18  17  19  23  28  16  18  12  28  16  18  25
  43  84  62  62  84  64  48  45  79  77  60  66  74  52  57  66  61  61  81  96  62  46  87  65  62  59  95  47  51  64  91  64  99  80  50  97  64  96  53  76  96  47  94  66  58  48  88  77  54  66  63  96  85  66  85  63  76  45  56  46  44  61  98  57  85  50  95  92  79  65  53  85  86  80  86  44  47  78  94  49  65  57  54  95  43  64  64  81  81  95  52  60  43  58  88  55  62  67  63  47
  81  89  87  87  90  85  90  84  84  86  88  86  78  91  76  90  78  91  85  83  89  90  77  85  80  93  90  78  80  93  80  76  94  92  82  78  87  75  78  75  75  80  89  85  88  93  88  88  89  83  85  76  89  78  89  77  74  90  92  88  94  74  83  94  82  84  81  88  88  84  85  85  87  76  76  90  77  89  74  79  86  77  82  80  88  79  75  91  92  85  82  82  89  83  89  91  91  76  76  77
  58  52  51  37  29  38  38  29  19  17  32  52  24  40  63  33  52  18  36  54  17  40  32  42  23  42  53  30  55  54  65  21  41  22  29  25  40  65  45  49  30  44  39  64  33  63  42  50  31  59  48  36  27  36  47  56  30  18  34  42  53  43  58  29  65  64  60  66  17  37  62  41  62  53  50  55  57  64  31  34  47  22  24  20  36  22  62  33  37  44  21  44  58  43  27  35  61  26  45  66
  24  75  83  67  65  32  89  84  88  44  66  50  97  98  91  27  72  53  55  58  46  34  44  77  48  59  98  56  94  93  49  38  90  57  53  52  82  32  34  76  68  41  44  90  75  93  94  35  70  73  94  55  57  38  79  21  42  66  33  27  26  27  27  89  62  49  89  69  97  91  83  82  73  83  98  66  53  35  66  78  86  26  26  38  91  70  33  43  78  46  56  32  65  48  93  93  51  40  93  90
  65  65  81  68  81  65  77  77  78  72  73  80  75  79  64  70  81  70  68  68  63  70  73  66  73  75  65  69  81  64  80  74  64  79  65  63  77  78  78  63  72  77  69  78  67  72  70  74  79  65  66  80  67  67  74  75  73  76  76  66  63  67  64  66  79  80  74  81  81  77  67  66  71  65  81  76  77  75  69  70  65  66  74  69  71  79  81  69  69  69  67  74  78  75  63  79  63  68  74  63
  48  66  50  65  59  66  47  66  54  69  51  51  50  60  53  47  49  54  52  47  51  65  61  64  53  48  60  68  46  68  44  45  52  50  55  54  57  67  62  44  45  63  50  46  64  61  61  58  59  62  61  48  57  52  56  52  68  61  46  62  65  49  63  45  66  48  57  67  53  63  55  45  64  45  54  47  59  48  49  56  63  57  59  68  68  69  66  47  56  45  48  53  50  49  67  57  56  44  64  65
  67  75  68  78  81  66  90  87  67  92  95  93  66  79  93  96  68  75  91  68  66  91  87  70  91  66  78  92  80  69  83  72  95  69  84  74  85  74  71  81  77  72  91  68  97  67  88  89  66  68  85  87  75  86  68  67  94  94  76  65  86  73  79  76  94  70  90  77  74  75  85  92  79  69  87  80  69  91  76  70  72  65  91  85  96  85  76  90  91  98  85  92  74  65  76  74  85  74  71  76
  47  52  52  50  46  50  46  54  54  48  54  53  45  56  46  47  56  55  46  44  55  55  47  53  45  51  46  50  49  43  47  48  52  56  52  47  55  51  56  44  48  56  50  45  50  54  56  49  46  43  46  50  50  50  50  46  46  46  54  44  45  45  52  43  49  46  45  55  46  48  52  53  53  51  56  49  53  46  46  49  47  50  53  48  47  50  51  52  55  47  52  49  56  55  51  55  50  43  43  49
  70  61  68  60  48  72  71  65  66  74  44  60  79  62  63  59  44  68  77  62  45  55  58  46  61  47  56  70  51  75  50  65  60  62  54  46  71  70  56  46  44  46  43  75  51  55  44  50  55  60  54  67  71  60  50  76  52  76  48  60  77  71  75  61  78  57  45  51  50  43  62  48  71  65  67  63  79  46  48  59  73  65  55  78  51  79  78  60  48  56  78  50  58  60  68  52  52  49  63  79
  47  47  48  49  47  47  49  48  49  47  49  47  48  49  48  47  48  47  49  48  48  49  47  49  49  48  47  48  49  49  47  47  47  49  47  49  47  47  48  48  47  48  47  48  49  48  47  48  47  47  47  48  48  49  48  49  48  49  49  49  48  48  49  49  48  49  49  49  49  49  47  47  48  48  47  48  49  49  47  47  47  49  49  48  47  48  48  48  49  48  49  48  49  48  49  48  49  48  48  48
  35  41  43  32  41  45  39  41  42  47  42  45  39  32  40  44  45  38  48  42  40  38  35  40  38  46  46  44  33  43  46  46  37  38  33  44  36  33  48  37  45  35  45  43  37  35  39  34  38  48  33  46  42  39  39  46  37  34  48  42  48  40  39  44  43  48  48  41  47  43  37  39  44  39  35  48  32  46  43  47  39  46  37  46  39  35  48  41  41  39  39  47  36  33  46  47  44  41  37  34
  23  17  18   9  26  18  21  30  18  27   8  10  37  31  12  36   8  34  25  35   8  27  15  18  22  25   4  34  25  30   7  13  10   4  18   3  37  35  10  28  36   8   3   4   8  19  12  17  33  29  26  11  11   3   6  23  34  14  15  22  32  11  22   9  31  21  36  34  34  12  33  18   7  28  21  36  13  10  20  25   7   7  16   5  28   5  27  17  33   3  22  27  19  34  23   5  15  14  31  32
  40  38  41  41  36  33  36  46  45  33  33  37  33  35  42  29  43  44  34  40  40  34  38  41  34  39  47  33  37  32  46  38  47  41  46  28  37  47  29  29  32  33  44  37  34  34  33  34  33  41  43  46  42  47  38  31  43  41  31  38  30  37  41  38  47  34  32  44  42  45  32  43  34  33  40  33  32  32  38  33  39  43  40  38  30  29  38  35  46  45  41  39  37  34  37  42  45  30  37  42
  28  30  30  23  32  25  27  30  29  27  28  31  33  31  26  29  24  24  28  23  27  25  33  30  24  26  27  28  27  26  25  28  33  33  33  24  31  33  30  26  28  25  25  28  30  33  32  26  26  29  26  30  31  29  29  29  28  30  31  32  28  23  25  26  24  27  27  26  23  30  32  25  29  28  26  28  26  24  27  30  31  29  31  27  23  24  23  27  29  26  26  29  24  23  29  25  25  28  27  33
  63  66  68  67  66  65  65  64  67  68  66  66  66  67  64  66  67  66  64  66  68  63  64  65  63  65  67  63  63  67  66  66  64  66  67  68  66  68  63  68  64  66  65  66  68  64  64  64  66  63  65  64  63  65  67  64  66  63  68  67  66  68  66  67  68  68  63  67  67  64  64  67  66  66  64  64  64  63  65  65  63  65  63  67  64  63  63  68  68  66  64  67  67  63  68  63  64  64  65  64
  39  23  26  52  52  36  37  23  32  49  41  52  29  19  43  27  38  25  30  34  19  37  34  37  51  37  19  44  44  39  25  50  40  28  40  44  39  29  50  27  52  45  23  20  50  44  42  49  34  31  51  44  49  36  36  41  42  23  46  33  33  42  44  51  38  25  29  39  47  48  29  20  28  36  20  21  19  48  24  27  35  42  24  24  22  37  35  38  42  23  40  43  42  45  34  37  33  45  51  49
  55  57  67  84  54  84  58  42  35  34  39  19  52  28  33   9  86  70  68  29  31  22  81  18  94  92  88  70  45  66  57  47  35  27  80  87  45  38  65  35  76  16  45  58  63  14  68  88  26  10  72  49  15  58  21  13  46  51  63  52  68  70  93  93  28  89  62  15  24  61  35  76  59  55  83  70  38  58  16  85  65  84  18  21  16  89  89  10  29  32  80  54  84  51  89  37  78  14  30  16
  54   3  14  55  55   7  54  31  64   8  45  14  35  83  86  40  47  45  26  43  52  85  22  19  63  62  40  39  13   3  27  11  53  27  23  11  32  85  41  56  30  19  68   8  32  71  90  43  21   6  69  16  63  67  17  64   4  75  34  26  89  27  67  57  35  86   8  81  48  49  13  37  22  55  40  39  11   5  15  56  39  32  33  36  71  71  22  55  24  11  72  31  70  55  25  48  11  42  20  65
  39  56  50  46  57  57  39  54  85  71  62  43  41  45  48  72  42  46  46  61  75  75  73  40  63  83  80  54  68  53  81  71  66  82  70  56  57  68  71  69  74  72  76  45  53  57  41  40  65  57  43  60  50  50  56  83  76  50  79  46  70  54  79  72  62  46  55  52  42  50  39  51  53  79  75  54  80  39  50  41  68  84  80  44  41  76  60  43  40  85  48  68  44  59  74  58  63  79  68  63
  81  96  81  89  95  92  78  97  87  98  86  84  97  80  98  99  78  88  96  98  79  88  80  82  97  80  91  89  86  84  89  83  89  83  88  86  85  81  83  95  78  91  80  89  78  94  88  94  86  88  85  78  92  89  81  80  84  97  95  85  99  86  78  80  94  97  99  82  96  98  91  90  83  98  80  86  91  96  83  90  79  94  89  88  82  94  81  94  95  95  85  83  85  82  93  83  96  84  81  99
  43  64  74  45  74  40  52  61  55  37  69  42  61  52  68  22  47  46  74  49  47  66  66  55  55  25  20  42  23  74  49  32  46  35  74  61  41  62  42  48  71  39  21  60  35  74  72  49  66  60  31  64  65  43  45  33  66  44  59  49  42  54  59  40  69  50  61  20  25  44  73  55  36  45  62  44  65  43  57  39  34  66  52  20  72  20  53  26  29  49  58  32  50  48  65  23  33  32  47  42
   8   5   8   9   8   6   8   9   5   8   5   3   9   6   7   5   4   9   5   4   9   6   6   6   5   8   6   8   4   8   6   8   7   4   6   5   9   5   5   6   3   9   8   8   3   4   8   8   9   9   4   5   8   5   8   7   8   4   8   8   8   3   5   8   4   7   3   3   5   6   3   8   6   5   9   3   4   5   5   6   6   9   4   3   8   8   8   3   9   9   3   7   7   8   4   9   6   7   6   6
  24  20  37  30  33  19  40  26  40  21  35  30  38  54  36  20  25  24   8  44  20  41  17  24  38  20  53  24  17  44  14  23  16  40  51  46  34  19  23  13  10  41  15  27   9  50  29  22  14  11  48  29  53  23  28   8  14  16  36   8  47  29  12  52  16  10  42  54  29  17  50  49  50  54  44  25  33  43  37  25  18  11  54  51   8  46  18  47  33  30  54  16  44  31  39  48  36  36  26  39
  15  16  15   4  10  10   7  16  13   9  10   9   4   6  13   9   6  14  14  12   6   4   8   7   7   9   8  13   7  12  11   4   9   8  13  11  15   9   7  10  12  11   9   8  12   7  13   7  13  11  16  16  14   9  13  13  14   7   4  16  14  13  11  15  12   4   7  15  16  12   8  11  10   9   5   8  10   7   4  11  15  14   7   8  15  11   4   5   5   8  13   7   9  15   5   9   8  13  12  16
  63  52  73  85  60  47  55  67  55  68  73  80  49  68  49  64  56  59  69  84  61  66  65  53  72  71  85  48  48  73  64  74  47  62  79  54  67  57  67  54  88  47  74  81  82  77  66  68  55  65  75  72  59  84  63  69  80  51  78  57  75  59  66  47  79  47  83  78  71  52  47  76  74  54  62  86  56  49  77  85  75  57  59  64  78  86  77  56  82  79  85  74  49  53  78  69  54  55  50  67
  64  63  79  87  89  35  35  51  34  50  55  85  63  67  57  47  85  60  54  47  46  48  78  36  89  59  66  67  85  69  36  36  76  42  58  44  57  78  41  85  90  82  78  88  70  74  73  66  55  65  48  43  49  88  66  63  49  63  42  46  34  70  72  48  57  44  88  81  60  76  68  90  81  57  53  59  49  74  68  91  74  85  84  42  60  57  50  82  54  38  37  69  59  55  81  54  50  53  41  73
  46  40  33  38  38  55  37  54  53  49  38  57  58  50  54  32  58  58  40  28  36  51  40  26  49  41  31  37  32  43  27  44  44  54  41  48  30  34  57  51  47  32  56  35  48  40  40  47  53  47  34  26  54  29  44  27  35  54  53  28  48  29  55  46  55  41  32  56  49  57  43  36  28  27  56  43  42  49  52  58  28  30  27  58  42  43  43  37  58  27  28  40  45  28  56  37  33  35  50  32
  62  66  58  17  76  37  32  79  39  21  24  53  49  56  73  32  44   9  11  59  64  38  25  15  60  36  33  81  70  24  19  21  45  61  57  42  45  55  44  48  41  13  67  66  12  26  52  32  59  50  24  58  58  12  35  63  46  24  16  77  63  26  59  66  12   9  76  29  28  18  56  66  72  34  48  20  34  51  18  64  63  69  80  17  61  49  16  50  44  24  51  23  29  19  35  72  71  74  80  13
  84  84  83  83  83  84  84  83  84  83  83  84  83  83  84  83  83  83  83  84  84  84  84  83  84  83  84  84  84  83  84  84  84  83  84  84  83  84  83  84  83  83  83  83  83  84  84  83  84  84  83  83  84  84  84  84  83  84  83  83  84  83  84  84  84  84  83  84  83  84  84  84  84  84  84  84  84  83  83  84  83  84  84  84  84  83  83  83  83  84  83  83  84  84  84  84  84  83  83  84
  68  61  64  80  80  78  60  76  85  88  87  92  80  72  72  97  85  97  99  67  68  78  89  90  93  65  59  87  94  92  97  69  72  86  61  84  98  95  89  86  84  77  68  59  76  61  95  90  71  73  82  91  84  69  94  63  63  87  82  97  83  92  88  74  91  63  72  64  73  89  65  67  65  81  76  86  63  72  74  66  66  96  59  88  86  95  72  74  67  88  94  88  95  61  87  90  99  67  87  77
  17  19  17  20  17  20  17  18  20  17  19  19  17  18  19  20  17  18  20  19  20  17  20  20  19  19  20  18  19  18  17  19  18  18  20  20  19  17  18  20  18  19  20  20  20  18  18  17  20  18  19  17  18  19  17  18  19  19  20  20  20  18  17  20  17  20  20  19  18  17  17  20  18  19  20  19  20  18  18  20  20  18  19  20  18  19  19  18  19  17  20  20  19  18  18  17  20  19  19  17
  42  60  40  55  63  56  57  39  61  49  39  60  45  53  60  55  50  60  42  58  46  63  42  41  55  49  53  52  58  44  58  53  59  47  47  45  49  46  59  48  50  57  62  57  51  60  39  50  63  47  49  43  46  55  54  53  51  61  40  59  53  41  54  59  49  53  58  40  46  42  52  44  54  39  58  58  42  58  55  57  39  45  39  41  44  49  42  61  63  51  44  46  39  61  48  39  41  55  45  46
  15  41  25  49  29  12  62  19  63  21  23  58  46  53  15  12  44  44  35  45  32  59  19  58  46  13  40  37  54  58  52  51  50  12  50  45  20  60  52  19  35  37  16  24  18  25  38  17  60  54  36  12  50  51  18  27  33  57  33  58  40  32  61  64  30  49  27  64  34  53  34  59  15  15  59  32  38  29  34  50  48  61  59  55  58  21  12  48  13  14  10  28  56  23  40  34   9  62  56  17
  81  61  53  69  61  41  79  60  63  61  70  82  77  55  47  80  42  60  60  69  64  57  42  62  53  80  60  73  51  42  77  71  83  48  68  61  67  71  57  69  72  64  50  49  65  52  65  60  48  45  67  43  73  47  75  76  46  62  54  58  76  73  55  70  62  57  51  43  76  74  62  76  69  76  78  69  76  72  71  79  70  56  45  44  53  74  71  68  73  46  52  76  85  71  47  72  60  62  72  78
  44  39  38  41  44  39  38  32  45  36  42  46  48  37  42  32  43  33  33  35  44  35  42  43  41  37  44  32  45  33  36  48  45  47  42  46  35  40  41  47  45  34  36  39  40  36  46  45  45  33  32  45  34  37  44  46  41  34  37  41  48  33  37  32  39  32  40  35  35  48  44  38  35  47  45  32  38  41  48  41  32  35  40  38  44  39  42  43  44  36  34  44  44  33  35  40  43  41  41  44
  64  68  58  61  60  61  68  62  65  66  68  65  58  56  65  56  70  69  60  64  56  59  57  59  56  67  64  68  55  56  63  58  55  54  66  65  60  67  58  65  61  61  62  61  61  68  70  61  62  64  59  64  60  56  68  68  58  60  62  69  65  65  63  67  62  68  55  66  69  57  64  59  61  67  64  56  66  67  64  54  60  58  56  67  67  55  63  68  61  60  64  62  62  56  59  55  57  65  61  55
  38  72  66  63  78  34  47  74  46  71  79  61  80  72  52  29  52  45  43  76  57  32  47  29  43  60  31  38  52  38  67  74  64  52  27  64  38  57  30  55  81  41  76  69  61  64  46  37  41  45  40  67  80  78  52  48  80  46  33  52  61  81  60  67  32  52  76  50  53  34  27  73  29  43  32  31  59  54  59  58  80  70  49  60  62  72  55  67  60  64  60  67  78  45  38  73  79  81  62  38
  40  58  43  52  75  56  82  67  47  59  84  67  75  39  63  55  76  51  59  58  43  71  40  62  79  71  42  48  53  50  65  59  53  60  61  39  54  70  56  65  49  41  41  69  84  53  72  76  42  71  61  79  58  53  49  77  79  76  72  47  71  61  40  47  69  74  61  74  60  55  54  42  78  74  59  73  62  68  57  45  67  54  74  73  68  82  59  82  67  80  62  85  59  76  76  48  57  69  52  50
  19  13  13  13  18  18  17  13  20  13  15  13  13  15  13  14  15  17  16  18  16  17  19  19  17  19  15  13  20  17  17  14  15  19  14  15  18  13  14  15  20  13  15  17  15  13  16  20  13  19  19  19  13  20  13  14  13  20  18  17  16  17  15  19  16  17  14  16  13  18  13  13  19  20  17  17  13  15  17  18  16  20  13  16  20  20  13  20  16  16  16  14  16  13  14  19  19  20  15  18
  24  24  24  24  23  24  24  23  24  24  23  23  24  23  24  23  23  23  24  23  24  24  24  24  23  23  23  24  24  23  24  23  24  24  23  23  24  24  24  24  23  24  23  23  24  24  23  23  23  24  24  23  23  23  23  24  23  24  24  24  23  24  23  23  23  23  23  24  23  24  24  23  23  23  23  24  23  24  23  23  23  23  24  24  23  24  23  24  24  23  24  23  23  24  24  23  23  23  24  23
  87  94  92  65  64  66  80  66  81  65  77  92  84  68  66  80  72  90  89  65  87  75  78  91  71  83  92  84  71  79  65  64  86  80  77  71  78  71  89  83  70  72  64  67  69  91  75  81  75  78  88  83  82  66  96  89  67  68  71  85  86  70  71  81  87  82  84  95  71  85  87  77  74  82  87  70  70  88  91  78  91  85  94  83  93  64  94  88  84  73  83  95  83  74  95  72  86  78  71  92
  92  97  84  87  92  79  91  85  75  82  92  92  97  76  77  77  86  97  81  83  95  94  92  88  78  95  83  93  80  95  97  75  86  94  84  91  80  77  92  81  95  96  78  84  93  82  81  87  76  92  97  89  91  84  75  83  82  91  85  95  97  80  86  94  85  87  89  87  93  91  87  80  96  87  93  92  87  76  76  92  94  86  96  82  86  87  86  93  85  86  84  82  95  86  90  91  78  93  92  86
  33  12  14  12  33  29  40  22  49  22  18  38  48  35  29  15  25  45  14  42  45  18  49  38  27  11  21  26  54  53  29  14  15  18  52  49  50  31  45  21  39  51  29  40  43  31  28  37  50  44  19  24  48  54  52  46  17  28  22  54  41  21  46  35  11  42  31  12  31  29  51  40  55  40  50  21  12  15  18  31  38  54  24  50  46  43  29  38  19  43  47  37  48  40  15  13  11  33  21  20
  33  43  32  53  62  26  48  44  32  63  29  39  45  47  57  59  63  62  37  24  45  32  50  42  63  44  25  27  36  45  54  38  34  25  31  43  24  59  49  50  54  31  32  49  40  29  59  37  41  24  26  47  25  58  57  57  53  48  30  53  35  55  64  49  53  62  43  47  41  45  54  42  56  24  53  25  24  57  58  40  63  39  44  57  24  51  41  61  45  63  47  38  33  35  42  39  50  29  35  56
  97  91  68  70  88  88  98  83  84  97  96  96  78  78  68  94  94  93  74  98  88  84  90  98  68  79  76  97  78  69  67  71  86  81  73  72  75  74  78  90  87  72  98  93  69  72  65  91  98  87  86  93  97  92  65  77  93  98  76  65  75  93  70  73  83  76  81  84  96  74  96  81  90  95  69  86  91  75  79  89  66  78  67  86  65  66  85  82  79  89  79  72  69  74  76  76  96  67  96  79
  91  89  88  88  90  88  93  93  87  88  91  87  92  88  91  87  91  87  90  92  91  93  91  87  87  91  88  89  89  92  93  93  89  91  90  91  90  92  87  91  91  91  92  89  91  89  92  89  87  89  90  92  90  90  87  88  93  91  91  93  90  91  92  93  87  93  92  89  87  92  87  93  93  92  93  90  90  90  90  87  91  87  87  92  90  88  91  90  89  90  88  89  90  91  87  87  91  92  88  93
   5   8   6   3   7   9   8   9   9   2   5   6   5   4   6   3   9   3   9   8   8   3   7   3   3   6   2   9   8   3   7   9   6   5   6   7   5   8   8   3   5   8   5   9   8   4   7   9   4   8   2   2   6   8   8   8   2   9   4   2   6   8   5   7   3   9   6   2   7   6   7   9   5   8   5   7   4   2   5   5   7   9   4   9   2   8   7   6   2   6   6   3   2   4   4   4   9   8   4   4
  36   9  28  29  29  36  32  20  18  32  26  20  17  11   6  23  26  24  22  23  19  33  10  18  12  35  35  33  31  16  31  31  17  21  34  22   8  18  18  35  24  33  19  18  29  21  35  19  34  25  11  26  16  22  18  26  21   5   5  35  31  15  32  21  12  23  36  20  30  16  29  11  10  16  35   5   7  31  18  28  18  18  27  16   6  33  15  17  30  16  23   7   9  15  22  25  24  23  34  25
  62  61  62  62  62  62  63  60  62  62  63  61  63  63  63  61  60  60  63  60  63  62  62  62  61  62  61  63  63  63  63  62  61  61  62  63  63  60  63  60  62  62  63  63  63  60  61  63  61  61  63  63  60  60  61  62  61  60  60  60  61  62  61  61  62  60  61  61  60  60  63  61  63  62  62  60  62  61  61  60  63  61  61  60  61  60  60  61  63  61  60  61  62  63  61  62  62  60  63  61
  83  87  85  88  88  83  86  85  85  83  87  86  86  84  84  86  87  87  85  88  88  84  84  88  88  85  87  87  87  83  85  85  86  86  86  86  88  85  83  83  88  85  83  83  87  87  85  88  83  83  84  87  83  83  84  83  84  86  88  83  88  86  85  85  87  83  87  85  88  88  86  87  86  86  85  88  83  84  84  88  85  88  87  85  84  85  84  88  85  84  85  84  84  88  83  85  86  88  84  87
  39  53  44  62  83  76  93  87  73  67  65  42  78  92  43  49  60  36  73  63  83  78  46  85  65  60  78  56  89  48  46  89  49  70  57  57  70  42  33  39  40  52  54  60  66  70  87  67  87  64  92  80  39  46  57  35  56  57  85  38  86  93  62  87  38  62  75  58  55  75  51  79  93  44  91  74  84  63  55  38  89  69  78  38  93  37  71  80  90  72  76  78  79  76  75  83  78  60  94  41
  50  90  98  63  63  87  79  83  68  74  98  69  97  56  96  51  49  72  50  79  52  97  76  61  58  71  69  86  88  87  58  65  86  89  81  98  70  86  63  58  73  59  82  89  52  57  72  66  48  49  65  48  88  78  81  68  59  71  78  61  49  48  84  68  58  68  54  85  70  82  87  49  95  75  85  62  54  95  98  79  59  79  98  85  79  75  89  90  80  60  88  82  61  60  48  63  70  85  57  64
  39  36  64  53  32  35  56  65  60  74  57  62  68  68  47  62  39  39  35  34  62  42  51  48  36  59  64  39  42  62  39  40  39  46  64  35  55  37  50  62  60  73  44  36  48  60  69  39  44  36  34  75  38  34  37  70  67  50  64  53  46  74  35  47  63  54  54  33  52  33  41  40  75  57  66  75  64  60  74  33  37  38  64  75  37  67  45  68  68  40  41  63  39  54  38  59  40  51  49  72
  15  10  12  10  14  14  12  11  12  11  15  14   8  14  13  15  12  14  14  14   9   9   7  14  11  11  10  15  11   8  14  11   9   7   9   8  10  10  12   8  11  13  12  12  15  15   9  12   7   9   8  14  10  14   7  14   9  11  11  12  13   7   8  14   9   9  14  11  12  15  11  13  13   9   7   7  13  15   7  13   8  13  10  15   7  11  12   9  12   9   7   8  12  11   7  12  11   7  12  15
  27  50  22  43  73  36  60  69  56  57  32  66  66  54  31  58  29  40  64  49  73  27  60  53  23  19  78  62  40  19  66  65  68  78  48  59  19  68  73  70  60  64  60  36  46  44  22  76  51  49  66  23  51  30  22  74  42  66  47  38  36  38  50  21  50  71  75  57  56  73  29  69  23  78  64  66  49  60  20  46  34  34  75  66  55  65  58  26  25  52  22  44  61  25  58  19  69  25  41  78
  48  62  69  46  47  59  74  47  71  63  62  58  60  65  54  57  52  63  61  64  59  51  71  78  72  61  46  72  71  60  64  65  75  57  69  50  70  74  59  66  55  73  49  74  62  64  77  58  50  57  76  70  67  55  62  48  72  63  77  54  49  73  58  64  72  72  55  61  63  59  74  78  72  58  63  74  58  70  67  52  70  67  46  72  63  50  74  75  70  66  51  46  58  47  71  69  66  47  74  70
  88  64  86  78  88  84  70  71  79  63  91  67  74  61  66  77  81  73  59  75  86  86  79  59  92  64  92  62  89  74  80  85  90  80  61  60  87  62  80  81  75  74  78  89  61  80  74  59  80  65  68  65  84  79  87  88  79  87  68  88  62  84  89  59  75  69  79  85  88  83  79  91  72  73  63  60  86  68  74  79  71  60  73  66  72  74  63  81  82  85  82  91  66  75  62  67  86  79  82  64
  77  85  87  66  93  62  91  75  96  93  71  72  82  67  92  87  78  82  82  91  62  94  68  69  78  80  61  69  92  88  87  92  85  73  76  94  95  67  74  71  69  63  96  95  70  72  92  60  63  60  66  94  69  62  67  73  94  89  75  87  59  84  81  96  78  80  87  85  63  75  94  90  64  60  80  61  66  58  89  60  59  71  82  89  83  84  75  89  82  66  89  83  66  63  73  79  70  94  67  80
  51  28  50   6  14  28  18  49  38  43  20  48  27  17  24  36  11  13  23  40   5  15  43  46  43  19  26  11  54  29  53  13   5  36  18   7   5  19  44   3   8  16  11  11  40   6  33  45  54  55  32  44  54   9  20  38  50  18  18   7  20  27   5  52  12  15  41  36  55  13  11  46  26  53  40  48  39  48  50  46  26  15  54  27  11  25  44   3  39  41  19  35  10  22  15   3  17  55  55  44
  40  24  63  48  29  63  35  40  82  35  52  73  86  50  36  70  41  54  65  24  80  69  64  28  35  65  50  43  54  37  51  84  26  64  33  43  54  34  42  79  80  36  76  26  50  76  54  87  37  87  80  71  51  46  44  47  39  72  78  41  25  35  42  41  78  24  44  68  27  47  62  36  79  88  67  42  69  53  44  67  42  78  37  69  49  70  38  24  64  33  85  67  26  57  86  69  37  82  85  68
  10  10  10   9   8   9  10  10  10  10   9   9   8  10   8  10  10  10   8   9   8   8   9   9  10   8  10   8   9  10  10   9  10  10  10  10  10  10  10   9   9   9  10   9   9  10   9   9   9   8  10   8   9   9   9   9   8  10   8   9   8   8   8   8  10   8  10  10  10   9   8   9  10  10   8   8   8   9  10   9  10   8   8   9   9   8   9   9   9  10   9   8  10   8  10  10  10  10  10  10
  52  33  53  53  49  49  35  41  14  26  13  47   4  42  49  32  42  16  14  54   5  39  47  23  54  29  37  21  28  40  12  17  13  31  34  36  10  12  36  22  38  50  29   7  37  36   8  50   4   4  46  18   5  51  10   8  41  23   5  41  31  30   8  51  25  36  23   4  14  24  52  25  32  25   6  17  44   4  18  17  53  18  56  47  34  40  30  41  26  50  16  16  26  18  51  35  34  38  52  44
  48  20  35  45  42  53  59  37  50  32  38  54  38  24  17  15  27  51  35  37  58  19  28  48  49  23  23  17  43  59  21  28  14  58  59  34  26  22  40  38  18  48  25  25  14  38  25  24  36  21  19  49  23  33  20  38  60  23  29  53  53  21  58  19  28  37  44  37  38  43  42  28  57  32  22  35  15  24  14  59  46  50  49  26  34  25  43  14  18  55  36  40  50  28  27  21  51  44  19  50
  49  49  23  28  46  26  49  32  39  28  28  47  44  42  36  39  29  35  42  26  42  32  38  47  44  31  32  35  23  30  42  23  27  33  31  43  31  33  26  30  37  28  48  45  36  47  38  36  29  49  36  40  39  49  28  44  31  44  33  25  48  50  38  33  42  32  47  27  26  23  43  47  36  41  33  29  31  39  30  44  39  34  34  41  28  40  38  32  23  26  24  26  38  25  47  43  39  33  49  36
  45  44  44  44  44  45  44  45  44  43  42  44  43  43  42  43  43  43  43  42  42  42  44  45  42  42  45  45  45  43  45  43  43  45  45  42  45  45  45  43  45  42  43  45  45  43  44  43  44  42  45  43  45  45  44  43  42  45  42  42  42  42  43  44  43  43  43  45  42  43  44  44  42  45  43  45  45  42  45  42  43  43  43  45  44  45  43  42  42  44  44  42  43  44  45  42  44  44  43  42
  74  85  76  72  83  84  70  69  85  89  81  74  79  86  87  87  82  87  83  82  91  83  76  70  75  76  81  83  74  86  84  82  71  84  70  88  85  77  90  83  76  90  74  75  75  74  87  79  91  83  86  82  88  81  91  81  78  85  87  71  75  81  89  88  87  89  75  81  76  88  73  84  69  70  85  83  85  85  81  79  77  75  90  81  69  77  77  76  77  70  88  71  70  77  83  79  87  87  76  88
  77  76  76  76  75  77  76  75  77  77  76  76  77  75  75  76  76  75  77  77  75  75  76  76  76  77  76  77  77  75  75  76  77  76  77  76  76  77  76  76  76  75  77  77  77  76  75  77  75  75  75  76  76  75  77  76  77  77  77  76  76  76  76  77  75  75  75  75  77  75  76  77  77  75  77  76  75  75  76  77  76  77  75  76  75  76  75  76  77  77  77  77  77  77  75  77  75  76  75  77
  69  43  35  59  68  41  45  60  57  41  47  56  69  42  65  86  56  61  63  56  66  74  68  57  40  86  69  59  86  50  44  39  37  45  60  56  57  77  35  62  35  54  37  76  76  63  43  38  61  41  69  57  50  70  76  38  38  70  80  86  76  59  60  40  83  49  85  34  85  66  57  75  55  40  81  45  73  80  79  59  66  50  81  48  69  49  36  84  43  57  67  60  53  51  46  66  82  47  80  52
  44  51  47  48  55  54  27  10  25  32  21  24  54  29  27  39  39  25  16  52  53  20  10  24  52  25  56  21  27  51  49  21  10  61  48  22  64  23  54  31  66  38  66  38  36  28  58  30  46  27  31  62  27  65  41  22  28  25  55  46  65  47  45  41  44  52  12  51  49  17  10  66  37  63  11  65  52  12  64  64  26  21  22  17  31  33  29  55  14  20  21  30  24  57  57  15  47  46  19  11
  52  54  47  51  55  60  47  56  51  54  58  48  58  52  51  60  50  48  48  48  58  54  49  49  50  51  61  62  50  59  60  56  56  61  62  55  47  58  54  49  54  49  55  48  55  53  53  50  55  60  50  54  50  53  52  59  58  57  53  47  47  53  57  57  50  49  52  50  53  53  58  51  51  51  60  50  52  60  53  50  49  51  52  52  62  47  47  47  50  60  56  48  53  51  58  49  47  54  49  50
  21  45  28  30  12  35  35  26  56  28  39  31  18  12  28  31  24  29  53  42  36  32  52  36  16  15  35  55  31  64  15  30  55  13  32  55  58  50  58  61  48  43  40  37  23  36  12  60  38  37  30  42  20  14  27  64  61  16  35  44  51  29  28  12  26  42  23  23  44  63  39  60  58  58  45  47  15  63  14  33  12  32  60  50  31  23  64  42  40  45  33  63  62  42  24  26  57  39  41  24
  99  89  94  95  96  93  87  90  95  99  95  89  93  99  89  99  94  98  91  97  91  93  94  92  99  95  92  92  89  94  94  94  95  93  99  88  91  89  93  95  92  99  98  89  88  90  98  90  94  91  87  93  95  92  88  89  98  98  95  97  97  87  88  94  95  94  94  90  92  93  93  97  99  89  98  98  97  97  93  90  91  89  89  89  91  94  98  91  95  90  94  96  91  94  90  94  98  95  97  95
  46  67  55  66  53  47  61  62  45  64  68  60  67  43  72  52  46  48  48  50  49  47  58  73  49  53  45  48  58  62  55  68  52  49  45  43  65  67  62  44  51  59  69  54  67  43  56  59  43  48  63  62  72  56  49  55  57  56  63  47  55  49  68  50  71  47  59  65  45  73  73  55  45  62  44  54  54  67  54  68  60  53  60  60  70  44  50  71  73  55  67  58  59  48  67  45  63  45  61  71
  13  12  13  13  13  12  13  13  13  12  13  12  13  13  13  13  13  13  12  13  13  12  13  13  13  13  12  13  12  12  12  13  13  13  12  13  13  12  13  13  12  13  12  13  13  12  12  12  13  12  12  12  13  12  13  13  12  12  13  12  12  13  12  12  13  12  12  12  13  13  12  13  13  13  13  13  12  12  12  13  12  12  12  13  12  13  13  13  13  12  12  12  13  12  13  12  13  12  12  13
  47  51  45  47  44  44  50  48  44  52  47  45  52  44  46  45  46  50  50  45  48  46  44  49  46  50  47  50  48  52  50  51  52  49  46  45  48  45  51  52  48  50  48  49  48  47  46  46  52  44  51  47  52  47  45  51  48  50  46  50  50  49  50  46  44  49  51  46  47  45  49  51  47  45  46  48  45  52  45  49  48  51  49  48  48  52  47  51  52  52  49  44  47  52  46  47  50  48  44  47
  14  14  13  13  15  14  14  13  14  15  13  15  14  15  13  15  14  15  15  13  14  15  15  15  13  14  13  14  14  14  15  15  15  14  14  14  13  13  15  13  15  15  14  14  13  15  15  14  14  15  13  14  13  15  13  13  15  15  15  15  13  14  14  13  15  14  15  15  13  15  13  15  13  15  14  14  14  15  14  13  15  15  13  15  15  13  15  14  14  15  14  14  13  15  13  14  14  14  13  15
  76  76  77  74  76  77  70  76  69  76  72  75  77  75  76  72  73  72  69  73  73  74  72  69  72  72  77  71  68  76  68  70  76  74  71  75  73  70  77  69  75  75  74  74  71  75  73  72  71  77  73  70  77  76  75  76  70  77  77  70  75  68  68  70  76  73  72  77  77  72  77  75  75  76  69  72  75  75  68  74  70  71  70  71  74  68  70  70  69  69  73  72  74  72  77  77  75  73  74  75
  49  29  20  40  25  30  16  39  50  39  43  55  40  21  55  44  51  48  39  25  49  45  46  33  42  40  16  26  43  49  48  17  53  13  34  50  47  20  17  37  12  41  34  42  38  58  51  56  42  44  59  24  17  19  49  40  24  28  45  56  25  29  14  31  56  38  40  48  21  53  16  58  18  29  55  45  11  40  53  42  37  49  41  25  26  22  20  41  59  44  44  16  10  44  23  30  23  22  38  20
  70  78  79  79  80  72  79  87  80  78  84  77  82  72  75  81  87  78  85  87  81  82  87  82  82  83  82  87  74  76  70  75  76  84  77  83  80  86  78  83  81  81  73  78  73  86  75  76  84  74  87  83  79  76  73  75  85  86  78  73  76  84  74  82  78  71  75  85  74  70  87  77  84  73  72  80  71  74  84  85  86  77  79  81  82  83  78  70  76  86  78  70  79  82  79  72  72  76  80  84
  43  34  32  41  35  40  33  33  39  42  33  36  39  33  44  37  34  37  30  39  31  30  35  39  44  34  42  32  40  37  34  39  44  38  40  42  34  38  35  36  41  34  36  30  38  36  36  34  43  43  42  36  31  37  34  37  43  31  42  31  44  44  37  43  37  31  41  36  42  37  32  42  38  40  39  34  35  43  38  38  36  37  41  39  30  32  38  43  32  42  42  43  44  35  43  40  40  42  39  35
  19  32  27  28  31  24  25  29  25  32  29  21  20  20  28  26  25  28  28  20  22  29  19  33  34  33  28  23  34  21  30  20  25  24  26  20  24  27  31  30  22  28  21  29  20  26  24  22  33  20  25  32  22  28  31  32  26  21  32  34  23  19  24  23  28  29  28  27  25  25  31  19  29  20  23  30  22  34  21  19  21  21  21  24  24  19  29  27  26  19  34  21  27  32  22  22  32  29  21  29
  81  82  82  82  80  82  80  82  81  80  82  80  81  80  80  82  80  81  81  80  80  82  81  80  82  80  80  81  82  81  82  82  82  80  80  80  82  82  82  81  80  82  82  81  81  80  81  81  82  82  81  82  81  80  81  82  82  81  81  80  81  80  82  80  80  82  82  80  81  81  82  81  80  81  80  82  81  82  82  80  80  82  80  82  81  80  81  82  81  82  81  80  81  81  80  82  80  81  82  82
  27  36  37  22  29  17  39  28  43  18  34  26  26  30  15  31   6  42  37   7  24  40  37  19  29  40  24  10  42  40  20  18  43  26  43  27  11  19  25  16  17  12  11   5  10  20  31  30  30  44  43  26  29  41  25  16  34  23   7   8   6   8  27  40  20   7  29   5   6  22  25  15  30  21   6   6  21  25  38  15  39  14  36  15  27  41  21  38  17  23  20   6  33  29  15  24  19  32  15  19
  48  48  48  50  50  49  48  48  50  49  49  49  50  50  50  50  50  50  49  48  50  49  50  49  50  49  49  48  48  50  49  48  48  49  49  49  49  48  50  48  50  49  49  49  48  49  49  48  48  50  49  50  50  49  48  49  50  50  49  49  49  50  48  50  48  50  49  50  48  49  50  50  49  50  48  48  49  48  50  49  48  49  49  50  49  50  48  50  48  48  49  50  49  48  49  49  49  50  50  48
  26   8  13  50  21  43  31  49  17  29  40  31  13  32  25  24  12  16  18  44  10  47  47  20  11  26  38  47  30  13  27  17  50  30  23  28  31  41  20  43  21  42  25  22  41  35  12  10  37  29  50  50  40  45  41  46  37  18  13  35  50  32  12   8  21  27  49  30  20  29  39  20  11  37  33  30  10  23  48  51  35  29  31  11  40   9  39  47  45  29  43  26  14  33  40  20  37  44  21  14
  12  11   9  16   7   6   7   7  10  10   7  18   6  10  12  13  17   6   6  11  18   8  16  11   7  12  14  14  14   9   6   8  15  18  13   9   7   8  14  13  16  11  14  12   9  17  14  10  18  10  14  13   7   6   8  13  17   7  10  16  18  12  15  10   8   6  13  15  16  13   7  13  17  12  10  17  17  11  18  17   7  16  17   6  17  12   9  16  16  17   6   7  18  12   9  16  18  12  13   9
4  100
