100
  77  54  29  75  86  54  52  30  84  82  29  60  60  37  38  21  39  74  75  37  36  39  36  80  51  36  38  47  55  27  68  35  45  75  21  23  76  37  16  22  85  22  45  21  61  84  68  42  34  40  35  73  15  19  48  66  86  22  27  44  43  72  68  74  76  56  44  39  48  22  61  88  72  65  40  31  70  57  14  63  36  43  60  49  33  31  21  13  78  26  77  49  56  27  17  65  14  19  43  33
  94  95  95  95  96  96  95  96  95  94  94  95  95  94  94  94  94  95  96  95  95  94  94  94  96  96  96  96  94  94  94  96  95  95  96  95  94  94  94  94  96  95  96  95  94  95  95  95  95  95  95  96  96  95  96  95  94  95  96  94  94  94  94  95  94  94  94  95  95  96  96  96  96  96  95  94  94  94  95  94  95  95  95  96  94  94  96  96  96  94  96  94  96  95  96  95  94  96  95  95
  68  65  70  65  66  67  68  64  64  60  61  71  69  70  66  64  68  59  72  60  65  65  69  61  72  69  68  67  72  68  71  61  70  67  61  65  61  72  68  64  63  67  70  59  67  59  59  64  70  61  64  71  64  72  61  65  61  67  65  60  70  67  64  72  59  70  70  70  62  66  64  66  64  63  59  70  60  65  72  69  59  70  72  63  64  72  71  65  62  64  60  69  62  64  62  60  62  61  71  64
  28  62  44  63  47  44  62  35  63  40  70  27  50  60  36  56  30  53  42  45  72  70  60  46  66  60  49  31  49  56  62  37  43  50  45  47  40  34  44  57  32  62  44  33  61  35  51  45  54  61  35  65  57  49  69  69  55  63  63  44  48  66  70  59  68  63  40  58  37  64  31  32  69  71  38  70  44  58  62  65  30  50  32  59  40  48  72  55  43  43  43  38  65  29  69  27  66  30  46  60
  29  28  25  33  29  31  23  35  24  31  36  35  23  37  30  24  26  36  37  30  28  27  29  23  32  25  24  28  33  33  26  31  26  22  27  35  23  31  29  24  34  30  23  27  30  29  26  24  30  35  32  28  27  31  24  30  35  28  30  26  34  32  22  28  33  23  35  25  26  37  23  34  31  31  26  36  31  36  25  25  36  25  33  22  29  28  34  32  23  36  24  34  32  30  37  28  25  26  26  33
  56  77  40  88  19  35  81  86  24  60  67  34  71  61  37  58  93  69  82  28  32  53  16  21  24  51  62  27  67  29  15  41  28  79  59  75  52  43  59  93  52  55  62  89  46  30  46  31  60  47  41  73  43  48  28  18  79  88  15  67  18  55  30  31  54  48  70  56  44  80  56  56  23  68  73  89  72  15  48  89  26  53  61  41  20  32  90  16  84  38  86  54  75  63  24  19  84  82  91  70
  36  67  46  73  52  52  68  39  33  60  45  45  54  67  51  73  65  51  58  46  33  74  44  50  44  65  58  38  50  31  55  64  45  32  71  55  53  51  37  70  35  64  59  34  70  38  49  44  59  64  63  36  58  36  48  70  46  61  33  37  74  41  31  74  60  42  33  70  68  50  38  47  49  71  58  62  40  54  52  47  37  37  51  73  31  53  72  73  69  49  47  47  45  46  48  34  42  49  49  59
  76  80  85  63  78  83  82  62  83  80  68  80  68  68  56  67  58  74  74  56  80  61  56  69  56  62  80  67  59  79  64  76  76  69  80  64  68  59  58  73  75  80  61  80  76  65  78  74  59  80  69  56  70  75  68  78  84  56  72  82  78  72  58  62  65  72  85  84  56  74  82  61  67  57  79  56  79  81  74  79  73  74  61  60  70  76  77  75  84  78  67  73  64  68  74  65  84  65  77  69
  42  72  57  69  41  51  73  50  53  36  46  82  76  71  77  77  82  67  60  39  69  80  47  43  62  67  45  39  47  62  46  42  60  44  80  61  64  54  41  53  42  42  80  82  59  55  67  66  37  57  72  48  61  55  61  74  79  68  75  40  79  50  52  58  62  52  64  72  51  76  66  80  50  64  77  67  46  42  74  43  63  74  66  36  58  49  63  66  36  55  75  69  44  42  54  66  66  55  81  43
  73  35  63  55  48  27  39  43  37  42  30  67  66  61  65  71  33  36  54  53  48  37  53  83  57  70  81  64  31  83  57  78  42  60  34  60  23  42  80  75  73  75  22  32  31  75  77  80  62  46  45  34  82  87  48  82  77  59  45  50  25  82  87  24  55  74  45  35  53  53  51  71  39  30  48  50  24  82  43  67  65  32  82  54  86  45  62  71  45  69  77  43  39  47  65  83  28  74  79  46
  68  70  68  68  67  72  65  70  65  72  68  72  71  72  68  70  71  68  65  69  65  65  65  66  68  69  66  71  71  71  72  65  67  70  65  71  69  65  69  69  68  69  70  68  65  72  66  68  72  67  72  66  67  67  68  69  72  65  69  68  69  70  68  70  70  65  71  65  70  69  70  67  69  65  69  67  71  65  68  71  70  68  72  69  66  66  66  68  65  65  66  67  71  65  71  71  66  69  67  68
  13  12  10   7  22  39  37  40  32  23  10  30  31  14  31  30  24  10  28  18  24  24  24  19  35  26  29  19  11  25  36  29  26  12  14  35  22  28  11  36  27  31  15  35  17  30  34  12  28  24  36  25  29  19  14  39  21  13  38  39  34  15  15  19   8  27  30  36   8   9  35  21  36   7  14  34  19  10  19  38  18   7  27  13   8  21  23  29  32  35  35  14  35  20  24  19  24  21  38  17
  18  10  16  21  11   8  17  14  23  16  10  16  11  19  16  16  14  23  11  19  14  16  18  17  15   8  17   8  21  11  23  12  15   9  20  18  16  10  19  14   8  18  11  15  19  13  15  19  13   8  13  10  19  17  18  11  18  21  17  12  23  18  16  20  16  23  10   8  16  14  13  14  22   8  16  20  18  12  18  14  22  16  23  13  22  15  10  12  18  14  15  20  14  14   8  14  16   9  10  13
  36  57  54  54  52  58  39  52  43  40  39  36  61  49  40  54  49  56  52  47  36  43  57  44  40  38  42  48  53  41  44  58  43  51  44  55  59  55  60  44  39  35  47  49  53  35  58  38  35  43  56  61  53  46  48  37  41  43  38  56  55  41  41  41  52  49  52  44  43  60  44  42  46  35  45  54  44  38  43  61  55  43  35  35  48  39  41  40  55  48  51  41  52  57  61  42  48  38  38  58
  41  39  52  51  35  61  53  39  62  61  62  60  36  55  43  61  48  37  57  46  52  56  55  53  45  35  42  56  42  59  42  51  35  53  58  46  52  41  44  48  46  37  56  37  49  47  54  59  41  37  62  40  46  61  53  43  40  62  42  47  44  61  44  51  56  42  52  48  60  38  46  45  41  59  39  49  58  53  58  47  35  47  42  39  50  61  43  44  44  35  56  36  45  61  54  62  36  47  60  35
  77  80  78  76  80  89  80  94  89  89  76  81  77  92  93  87  90  84  90  83  77  79  81  90  92  91  77  85  78  85  87  87  89  84  91  92  94  93  91  77  93  80  94  87  83  81  90  83  79  79  87  92  82  80  92  85  78  87  88  86  79  88  94  87  94  84  80  94  80  78  84  94  91  78  78  80  84  85  86  84  77  80  94  83  89  81  88  82  83  86  76  91  83  85  92  79  87  86  80  82
  77  62  46   9  40  15  17  79  31  51  16  32  12  46  35  34  12  63  30  21  26  22  49  37  58  19  60  29  76  37  79  37  61  32  57  84  29  67  59  18  14   9  17  10  19  82  28  84  29  86  22  56  62  51  71  68  70  82  33  86  21  74  81  27  25  24  63  55  67  71  67  21  47  82  22  18  57  85  45  58  37  78  18  50  47  61  80  48  33  62  88  21  34  79  66  71  66  73  77  16
  56  46  51  67  56  49  65  47  66  56  47  45  64  43  49  47  42  59  54  45  51  49  56  45  42  64  48  61  67  45  56  62  61  58  65  53  61  49  57  60  58  59  55  60  65  65  50  60  60  58  66  59  46  64  47  54  53  42  58  60  57  64  65  50  51  49  58  51  52  64  48  63  51  62  63  58  51  47  53  58  42  67  57  50  55  52  59  50  57  59  58  59  42  67  62  54  65  44  52  48
  56  49  73  47  56  39  41  64  36  45  53  60  62  67  58  50  51  50  36  72  64  56  43  64  42  43  51  49  50  51  66  64  45  54  45  57  66  53  65  61  73  67  74  61  66  50  67  49  73  64  45  63  47  56  65  66  55  51  44  56  37  61  71  60  43  65  71  56  60  42  56  64  70  52  36  55  69  36  69  69  73  73  62  60  56  72  40  53  72  71  47  54  45  58  44  44  48  42  61  37
  86  85  88  85  86  88  85  86  87  87  85  88  88  85  86  85  86  86  85  86  88  85  85  86  86  86  87  85  85  87  86  86  85  88  87  87  86  87  85  86  88  88  85  88  88  86  88  88  85  85  85  87  88  85  85  87  86  88  85  85  88  87  86  86  88  88  87  88  88  85  88  86  85  86  85  88  86  87  86  87  85  85  85  87  87  87  85  85  85  86  85  87  86  85  85  86  85  85  86  87
  70  74  84  91  82  66  68  52  76  75  71  79  63  62  71  86  69  76  62  63  75  54  69  56  61  91  58  90  69  57  67  87  72  59  71  53  59  62  63  72  86  70  52  88  76  72  85  79  60  53  90  54  54  60  59  52  66  87  85  58  90  56  61  55  87  53  53  62  69  64  58  59  62  72  64  90  77  75  62  76  68  80  53  80  85  71  56  63  69  69  61  55  69  84  57  68  84  74  72  65
  72  72  73  72  73  73  73  72  73  72  72  73  72  72  72  73  73  72  72  72  72  73  72  72  72  72  73  73  72  73  72  72  72  72  72  72  72  73  73  72  73  73  73  72  72  72  72  73  73  72  73  72  73  72  73  72  73  73  73  72  73  73  73  73  73  73  72  72  72  72  72  72  73  73  72  72  73  72  72  73  72  73  73  73  72  72  72  72  73  73  73  72  72  72  73  73  73  72  72  72
  66  59  68  86  75  71  67  78  73  68  64  80  62  71  76  84  61  82  67  70  79  67  58  80  74  64  69  70  85  58  77  57  72  75  85  65  64  63  57  83  69  69  74  74  58  63  63  75  75  70  84  76  58  60  61  72  70  61  67  77  82  86  74  61  84  72  77  74  86  83  74  75  74  74  72  61  61  68  70  85  79  72  70  60  59  76  82  67  87  61  63  66  62  87  58  86  59  62  68  58
  30  80  75  76  32  39  28  44  47  70  33  59  67  24  44  68  51  27  25  37  69  70  64  45  46  71  36  74  38  38  42  72  80  26  50  74  53  49  40  68  80  66  30  38  25  65  62  32  73  51  40  69  72  39  26  55  53  69  29  69  80  77  33  70  66  69  42  40  58  78  25  44  63  62  47  67  76  76  36  77  71  45  63  58  29  59  59  26  24  44  25  80  65  32  49  76  30  42  61  42
  52  82  69  38  51  51  60  57  55  82  56  61  41  73  41  58  67  61  43  56  80  50  34  41  59  60  33  67  67  63  62  78  50  65  33  37  32  44  56  66  45  71  36  77  72  80  69  54  50  80  40  68  49  71  81  64  43  73  63  81  72  38  43  69  63  58  43  39  74  52  67  76  70  53  40  42  63  81  47  60  59  40  62  37  45  79  32  48  59  49  44  46  48  46  33  66  72  76  65  46
  85  87  80  85  80  79  88  77  80  87  89  78  89  76  79  81  75  79  88  82  81  86  86  87  85  86  78  76  79  75  74  76  80  83  74  74  85  77  87  80  82  75  78  84  79  74  88  87  84  75  89  78  74  82  85  88  74  74  79  88  75  84  79  77  76  78  85  80  76  84  87  83  76  85  86  82  84  77  83  82  82  77  87  78  87  85  86  76  84  89  74  88  77  83  85  83  87  82  74  83
  24  27  39  14  52  42  29  62  64  54   9  41  62  51  17  40  47  32  12  11  21  63  67  63  45  52  52  11  49  59  67  15  49  38  12  20  22  32  54  46  58  51  60  26  58  42  23  16  17  13  65  33  48   9  20  29  10  10  39  64  56  19  43  66  47  32  12  59  18  58  57  43  57  37  25  63  49  26  52  52  17  62  55   9  62  26  33   8  40  54  33  37  59  19  56  17  57  49  52  45
  32  44  23  22  80  27  69  31  44  54  58  79  22  55  41  26  75  53  38  26  26  38  59  28  67  62  78  46  39  71  79  51  32  34  29  29  23  66  74  75  29  68  52  67  25  50  29  64  57  27  80  81  55  31  32  71  67  51  71  25  72  56  66  24  75  64  46  57  22  30  77  22  31  64  81  34  40  24  43  69  32  45  79  49  48  36  79  75  41  58  43  48  52  65  68  73  26  29  65  24
  80  84  88  84  79  85  77  79  88  76  90  85  77  80  86  89  86  82  79  77  83  88  81  89  77  83  79  78  83  90  80  81  85  81  88  85  83  85  85  88  81  79  77  83  89  79  88  87  84  81  80  89  81  87  81  84  84  84  82  90  87  88  76  76  76  87  88  80  77  81  79  80  81  81  81  80  82  88  86  87  90  76  88  78  76  81  83  87  88  89  86  82  76  89  84  90  86  87  88  86
  23  24  27  39  26  40  28  39  39  24  36  36  24  44  39  23  39  36  33  32  34  39  37  31  38  42  31  24  23  29  26  26  27  23  24  28  39  47  36  23  37  25  33  40  35  27  38  35  41  35  40  27  25  35  24  29  37  29  47  45  43  31  38  29  42  26  46  36  43  47  26  29  39  37  23  42  47  25  28  47  35  27  44  34  37  29  42  39  26  35  45  30  43  29  38  29  44  46  40  27
  49  60  68  54  22  85  46  83  90  23  78  73  80  63  59  70  73  44  56  86  75  78  82  45  83  33  50  78  17  74  18  74  38  88  74  19  64  64  86  54  38  74  38  31  52  24  50  28  40  27  44  17  54  65  82  23  25  53  49  79  41  25  44  65  36  41  57  73  19  39  82  30  81  42  67  38  49  63  40  52  62  66  76  76  49  68  20  80  38  83  74  86  91  34  84  54  49  63  24  44
  67   8  24  49  45  46  16  73  78  80  19  34  25  26  15  34  71  78  28  47  22  57   8  18  78  54  38  40  80  76  55  68  46  30  30  56  44  24   7  73  74  47  32  69  76   5  56  81  75  77  27  18  61  53  53  24  59   5  50  49  16  63  26  42   3  18  75  12  14  42  17  56  29  51  72  25  16  53  23  21   3  22  29  59   3  74  40  69  78   3  59  38  10  35  52  58  32  69  70  69
  48  41  19   7  14  81  79  12  46  49  18  31  54  45  65  41  21  40  20  43  20  42  58  62  60  79   7  45  20  18  22  49  76  48  85  20  81  77  48  48  34  85  51  56  37  29  56  83  26  60  53  73  83  77  21  65  69  31  44  36  80  65  43  28  75  41  17   9  84  19  72  47  12  30  61  61  11  25  28  83  81  40  15  13  58  82  45  76  59  58  51  67  28  64   9  37  81  69  53   9
  30  50  34  51  31  57  28  55  34  48  38  45  37  46  39  49  52  50  36  37  34  55  39  45  33  50  39  37  30  31  43  56  29  34  52  42  50  29  52  33  30  31  42  36  46  40  54  31  53  34  28  42  48  30  47  33  34  27  36  28  29  52  57  56  54  36  28  27  44  42  28  41  36  30  29  51  57  27  40  30  51  43  43  50  37  48  39  52  38  46  45  54  46  29  42  29  34  40  42  46
  77  78  77  76  79  77  76  77  80  77  77  76  80  78  79  80  76  76  79  79  76  76  79  78  78  80  76  78  76  77  80  78  78  76  78  78  80  78  78  80  79  78  76  77  76  79  79  76  77  76  77  77  77  76  78  80  80  78  77  78  80  78  78  77  76  76  76  77  79  76  76  80  76  76  77  79  77  80  76  79  78  77  78  80  79  76  79  80  77  77  78  79  80  78  78  80  78  76  78  78
  40  58  47  51  48  64  40  55  46  66  52  52  40  43  56  66  61  58  63  51  44  65  54  65  63  56  47  59  40  54  62  47  56  49  60  40  63  60  61  51  54  50  40  62  65  47  65  49  60  59  49  62  50  64  47  55  65  46  59  49  61  62  60  65  44  54  46  65  60  64  46  42  56  46  66  40  45  47  59  44  61  43  40  50  51  61  55  49  42  52  62  43  65  53  58  65  57  48  40  49
  32  36  31  38  32  30  36  38  35  33  38  34  37  37  30  38  33  30  30  38  38  34  35  34  30  35  35  32  30  31  32  34  32  31  33  30  37  32  31  36  31  33  30  37  30  30  35  31  37  31  35  32  31  32  37  34  31  33  34  35  36  32  38  36  36  38  32  38  37  34  34  30  37  31  34  38  38  33  36  31  34  35  38  32  30  36  35  38  38  38  33  37  32  34  30  38  36  30  33  38
  58  76  75  57  54  80  39  55  68  55  47  44  45  61  40  58  79  78  49  39  80  48  53  58  64  48  55  52  51  70  71  78  65  42  46  68  65  57  58  56  79  44  45  39  74  76  62  58  71  60  78  65  68  55  42  66  50  76  57  42  74  67  49  69  68  51  69  67  72  65  42  67  68  45  77  48  66  40  49  45  77  57  56  70  71  61  52  61  42  62  70  56  40  50  49  61  49  73  46  50
  12  13  13  14  12  13  13  16  16  13  12  11  11  15  11  13  14  14  14  11  14  17  11  11  12  11  17  16  11  14  15  13  16  13  11  13  13  15  13  16  17  11  13  17  12  14  11  11  14  15  15  15  14  11  14  15  15  14  11  12  16  14  17  16  12  15  11  12  16  11  14  11  15  11  13  16  16  11  11  13  17  11  16  16  14  15  16  14  13  13  12  15  14  15  13  17  16  11  13  11
  21   8  23  12  19  23  19  23   8  23  30  32  24  29  28  11  32   8  31  20  28  17   9  11   5  11   5  14   8  28   8  25   8   6   4   4  26  31  11   9  31  19   6   4  28   3  32  11  30  12   5  13  10   3  25   4  30  11  11   3  17  27  26  32   9  22  30   5  20  32  17  22  26  13  30   7  31  17  28  16  31  17  27  16  25   7  27  22   8  22   9  19  13  20  30   9  26  22  13  19
  64  84  77  83  47  84  55  72  75  58  66  58  85  83  72  71  82  85  55  76  59  56  70  49  78  67  51  86  72  83  48  70  60  57  74  66  86  85  59  56  51  47  54  62  70  54  50  84  58  84  80  59  68  64  57  61  81  72  79  67  48  51  73  71  54  86  48  85  78  72  63  59  85  62  84  62  78  54  60  58  53  78  73  76  65  57  48  80  83  83  68  53  86  67  76  61  78  68  48  71
  36  42  58  86  80  94  79  44  64  81  67  78  92  87  46  79  91  42  37  56  45  88  89  79  72  36  81  66  68  54  85  56  48  46  35  63  90  85  75  78  72  43  46  49  79  39  62  83  63  46  81  72  88  69  56  90  74  66  73  78  46  65  95  79  64  55  76  95  89  72  92  90  81  93  80  87  77  48  66  51  71  46  85  95  92  45  93  65  39  66  75  95  50  35  87  65  81  70  71  80
  32  10  31  20  25  15  13  25  14  28  26  21  16  17  29  24  17  16  10  19   7  16  26  13  14  21  17  14  13  26  10  30  12  13   8  31  15  18  20  19  11  10  27   8  27  18  18   8  19  28  31  22  23   7  17  11  27  25  15   8  21  23  15  28  13  18   7   8  27  12  15  31  12  23   7  22  30  14  20  14   8  18  24  30  14  13  22  12  18  24  26  26  23  24  12  23  26  14  24  20
  78  77  77  87  80  83  88  88  80  82  77  81  82  78  85  84  83  80  89  91  83  83  77  88  80  78  82  88  89  86  87  83  79  80  88  85  86  79  88  83  91  82  83  88  77  87  77  82  89  89  80  77  86  86  85  85  79  91  91  81  80  85  84  84  82  84  79  84  91  83  88  82  79  82  82  88  88  77  89  85  79  91  83  81  91  89  83  79  89  77  83  86  85  81  91  85  82  82  85  84
  35  31  34  30  38  32  30  26  27  38  36  26  35  26  33  27  26  32  29  28  34  37  32  31  28  30  32  35  38  32  28  29  28  37  30  30  32  32  35  34  36  34  33  28  28  29  38  33  30  38  37  28  35  34  35  31  31  34  35  29  36  29  35  34  35  37  30  33  29  36  36  31  34  34  27  37  29  27  29  34  30  35  26  37  35  37  35  32  32  32  36  37  27  34  31  32  32  27  26  26
  71  72  71  71  74  70  70  72  73  70  73  72  72  71  74  74  70  73  70  74  71  71  72  71  71  73  74  74  70  74  71  70  74  71  74  70  73  72  71  70  72  74  70  74  71  74  72  71  70  72  74  71  70  71  71  72  72  73  73  71  74  71  72  71  72  72  70  73  72  71  71  74  74  72  72  73  71  70  73  71  72  73  71  74  71  73  71  73  70  71  73  73  73  72  70  72  72  74  73  72
  75  57  71  56  72  69  76  66  59  65  64  67  65  60  62  70  75  65  62  59  70  69  72  63  72  72  74  71  69  68  59  60  63  66  60  68  63  58  71  56  62  68  61  76  66  56  64  69  77  69  76  69  55  73  59  63  60  67  72  59  69  76  58  61  73  62  58  56  68  58  62  73  71  77  62  72  62  60  68  73  57  65  58  55  74  74  69  68  64  66  76  61  62  69  55  55  73  75  72  74
  63  57  29  42  69  55  56  57  47  68  48  68  60  31  54  72  70  40  38  65  65  59  76  76  30  32  53  42  57  50  67  64  76  51  28  60  77  60  71  43  40  69  57  57  54  66  66  66  71  57  64  68  62  66  71  47  37  65  59  60  68  67  62  49  48  46  51  49  75  35  54  58  40  54  73  53  46  42  56  76  68  71  27  57  31  73  28  49  33  58  53  70  75  75  72  73  58  45  42  55
  90  91  77  77  79  79  78  78  80  85  76  81  79  81  80  75  80  90  78  92  75  88  93  80  78  81  79  82  83  78  85  87  87  85  81  81  92  79  84  78  85  80  79  79  89  90  85  92  82  81  84  81  87  93  82  83  86  84  80  85  93  75  80  87  75  83  75  81  76  93  78  80  83  84  76  92  89  75  77  77  90  93  89  77  82  80  76  82  87  91  90  91  76  93  91  77  84  79  77  92
  52  61  35  39  50  55  60  44  33  62  65  64  47  30  64  28  44  36  27  47  36  44  61  50  40  66  55  62  35  40  52  52  54  42  49  39  64  60  40  64  61  38  64  41  62  44  44  55  34  44  57  34  28  37  52  49  44  64  63  46  47  40  63  61  52  55  45  60  48  55  63  55  36  33  58  56  57  65  55  47  54  54  38  38  27  48  59  30  27  43  37  37  28  35  43  40  36  64  36  58
  67  75  74  65  71  79  86  92  64  83  81  94  73  88  64  71  87  87  90  83  88  81  77  87  63  92  83  74  78  87  64  63  90  65  70  76  68  78  66  68  78  68  65  79  94  74  73  85  64  81  85  84  73  93  68  73  71  75  80  84  70  63  89  71  89  67  90  73  93  76  91  64  78  64  90  90  81  72  70  92  71  91  68  69  79  94  73  87  69  76  64  86  88  76  76  87  91  75  64  84
  72  54  41  38  81  71  79  63  49  36  38  54  85  74  79  58  67  54  56  59  71  70  72  57  47  82  36  34  71  37  39  44  35  63  40  37  75  40  79  70  47  51  48  50  66  68  68  53  67  37  41  35  60  85  34  47  33  41  53  67  68  33  68  54  84  55  71  64  60  57  84  83  39  84  68  40  70  83  35  72  61  44  43  55  82  45  85  68  56  84  83  42  67  66  48  47  44  51  70  40
  45  25  22  23  25  44  40  33  49  43  27  41  47  44  46  34  26  23  37  43  49  22  31  46  39  30  32  28  35  25  39  27  35  43  31  49  41  38  49  40  29  44  30  48  26  29  41  44  37  36  39  23  42  49  35  35  26  27  39  38  24  47  29  38  30  21  40  45  32  27  49  22  36  30  23  46  39  46  28  44  33  43  21  31  37  25  40  48  25  44  46  29  22  38  27  40  21  39  42  48
  43  66  47  79  64  77  51  57  70  46  52  45  56  44  77  41  57  58  69  39  69  69  60  50  67  43  60  41  61  62  76  72  63  55  62  60  62  43  74  70  39  77  47  66  63  77  52  66  54  43  73  76  61  79  46  77  55  71  48  53  50  78  48  44  68  76  69  74  55  73  64  59  45  53  51  77  65  51  53  50  76  65  48  69  51  58  54  56  60  74  70  46  52  58  70  39  67  64  66  41
  15  14  18  19  14  14  18  18  17  17  16  17  16  19  18  14  19  16  17  18  14  19  14  15  19  13  17  17  13  15  18  16  16  15  13  17  18  16  15  13  19  18  16  14  14  18  15  18  15  18  19  14  18  16  19  13  15  16  18  13  17  19  18  19  13  14  16  15  15  14  14  16  14  14  15  18  15  14  13  13  17  18  18  13  13  17  14  18  16  17  13  15  17  15  15  13  17  19  14  16
  54  54  50  54  51  54  50  54  50  53  52  54  50  52  51  52  52  54  50  51  52  51  52  51  51  54  51  54  51  52  50  52  54  53  54  50  52  51  53  54  52  53  54  52  52  51  52  50  54  50  50  53  50  54  50  52  52  54  54  53  50  53  50  51  50  54  51  52  51  51  51  54  54  54  53  54  53  54  53  54  51  51  50  52  54  50  52  53  51  51  52  53  52  53  52  52  54  53  53  54
  59  41  19  61  33  56  21  43  31  26  32  25  19  42  48  60  30  61  35  41  30  35  47  24  52  32  30  17  29  23  54  46  54  61  47  53  48  47  38  35  17  47  22  24  22  38  28  54  25  46  58  59  41  42  50  50  35  39  58  39  30  52  55  39  26  50  20  36  27  20  19  17  31  55  52  44  30  59  35  18  39  60  24  17  30  48  36  33  52  61  58  54  21  22  50  22  23  38  32  41
  48  20  19  71  69   8  65  14  77  56  39  31  27  79  23  29  76  19  71  40  46  63  18  68  39  61  45  79  21  23  67  56   9   9  73  36  67  76  63  51  40  45   9  36  17  34  44  62  66  59  62  22  22  80   7  69  73  26   6   9  16  22  59   7  21  78  82  76  47  59  47  27  56  22  23  74  32  44  75  20  13  52  80  24  58  21  26  49  76  44  20  75  29  58  49  37   7  38  41  35
  52  52  18  18  61  60  16  87  68  75  43  82  39  19  70  30  55  75  38  81  41  59  53  32  72  17   9  41  52  50  60  11  29  20  43  39  78  66  41  15  10  64  67  81  24  19  56  82  67  73  12  70  77  58  47  34  39  38  19  13  76  58  64  62  26  23  13  79  27  31  82  48  24  61  44  15  79  18  42  85  54  13  61  16  54  36  35  46  75  30  72  68  30  61  75  35  12  22  47  30
  61  74  71  76  73  68  68  78  81  66  88  76  86  80  71  73  64  88  69  84  85  66  63  66  86  77  73  62  64  61  87  65  82  82  66  62  62  73  75  83  67  72  88  79  72  64  88  78  74  79  74  87  78  68  83  74  87  62  67  62  69  67  64  74  88  79  87  81  63  61  64  73  83  74  79  62  81  80  85  83  83  81  78  70  85  67  71  71  67  67  67  87  70  87  66  70  64  86  71  62
  70  72  63  56  53  71  61  62  58  52  54  52  64  67  68  62  51  59  54  69  59  67  63  70  63  63  58  70  71  60  67  69  71  63  67  64  65  69  53  60  64  62  59  70  70  65  53  70  57  66  60  61  67  72  53  62  65  54  63  58  64  52  57  52  68  69  71  60  62  64  52  53  66  63  71  52  61  64  70  58  52  53  70  67  59  60  56  52  62  57  59  64  71  54  70  63  55  56  68  65
  50  54  26  42  10  59  58  54  49  17  37  12  37  28  33  30  12  40  21  21  15  41  60  45  44  13  25  48  22  15  56  36  41  56  19  26  35  32  34  46  47  52  24  38  45  59  23  37  40  55  37  29  45  43  39  42  15  31  38  60  29  50  32  31  52  16  48  29  11  52  52  21  24  20  17  29  50  23  15  53  58  35  15  27  54  43  56  49  18  52  47  24  37  43  27  50  46  21  27  45
  30  41  33  29  33  76  47  81  37  67  12  64  37  69  10  84  78  70  26  64  83  47  23  56  30  45  44  57  11  29  10  46  72  26  33  43  36  10  65  65  55  16  80  59  62  54  31  52   6  36  26  74  61  30  17  64  14  70  30  54  77  33  27  15  76  44  13  31  16  48  47  39  35  14  39  20  18  65  45  74  21  81  44  20  59  72  26  80  53  35  30  13  54  18  80  31  48  67  76  60
  62  69  63  64  65  72  69  65  61  70  61  72  70  72  73  73  69  63  70  63  67  71  71  62  62  61  65  70  67  70  70  62  61  65  60  69  68  61  61  70  64  70  72  67  62  68  61  62  69  70  66  71  61  65  73  73  71  71  70  71  61  71  60  72  60  62  66  69  71  60  73  62  62  71  65  73  67  60  69  68  72  65  73  72  71  60  64  64  64  68  64  65  65  68  69  71  71  73  65  73
  71  66  62  67  72  64  74  63  73  61  61  65  65  71  72  71  61  61  61  73  67  70  67  61  63  72  70  68  73  72  62  67  70  74  69  69  62  65  74  67  62  73  74  68  72  74  73  65  74  63  71  70  64  72  73  64  67  68  70  71  74  70  67  61  74  70  70  73  73  61  70  65  62  63  74  63  72  68  72  67  72  72  63  67  62  72  70  71  68  73  68  66  69  69  66  69  65  70  74  65
  10  12  14  11   7   8  12  14  10  10   8   9  12   9   7  12   7   7  15  13  13   8   6  13   9   5  12  15   5   9   8   7  10  11  13  10   8   6  14  12  12   9  13   7   6  15   6   6  11  13  11  10   9  10  13   5   5   6  10  12  14   7  15  13  15  10  12  15   6  12  15   6  15   6  10  14  10   7   8  15   5  10   9   7  10  13  14   9  11  10   7  10   9  10  12   7  13  15  11   9
  36  45  18  27  35  20  20  48  32  38  32  49  18  36  30  19  47  31  35  23  22  40  25  19  17  46  24  48  43  24  39  43  31  40  37  28  42  43  19  50  17  42  19  49  22  45  34  27  25  51  23  30  25  18  34  43  43  44  20  34  17  25  48  38  29  19  19  31  45  46  27  19  17  36  40  35  50  18  39  30  37  30  45  47  31  30  24  39  36  21  38  23  28  18  44  50  23  40  19  32
  41  42  40  42  42  40  44  44  44  41  43  41  44  41  42  43  40  42  42  45  42  43  40  44  40  45  45  43  45  40  45  45  42  43  40  42  45  45  43  41  44  40  45  44  45  44  44  45  41  40  41  44  43  45  40  41  45  45  42  42  41  40  41  43  43  44  41  44  42  41  41  42  40  43  42  41  44  42  44  42  40  42  40  44  45  40  40  40  41  40  40  40  42  41  45  40  41  44  42  41
  58  86  60  88  31  65  50  55  82  73  36  81  86  40  36  75  70  41  68  70  84  78  62  82  60  38  37  68  85  72  73  64  77  70  53  96  74  93  64  35  77  94  87  72  32  78  82  66  51  51  59  87  31  37  92  62  73  60  33  33  79  80  87  63  46  65  81  95  57  36  59  92  60  37  67  52  70  84  90  74  43  91  71  38  96  49  95  86  31  38  86  57  48  42  88  86  60  36  88  88
  37  43  75  84  37  68  44  77  82  53  68  93  43  75  45  78  80  44  88  48  37  57  37  59  37  77  39  57  92  77  81  92  48  69  89  44  85  71  83  73  55  39  41  47  43  86  38  52  62  62  63  36  78  49  49  83  45  68  44  42  72  71  88  89  85  93  65  40  54  51  58  73  82  77  80  85  38  37  45  48  44  71  80  88  86  80  73  76  67  41  43  76  70  74  42  37  79  83  71  85
  45  67  75  54  73  73  56  60  48  45  72  47  62  57  40  49  64  47  73  50  67  44  70  77  72  70  65  50  48  72  71  77  40  67  74  56  43  74  45  67  74  43  62  61  63  51  56  60  45  56  52  53  76  41  54  65  63  50  53  54  46  61  75  47  57  55  55  56  54  43  44  77  42  57  51  72  52  52  45  74  65  50  60  70  50  69  67  74  40  70  58  72  45  64  70  49  59  56  59  51
  24  28  22   6  33  34   5  19  30  12  14  24  23  17  14  11  16  31  28   7  26  11  22  33  13  19  31  14  29  10  26  10   4  17  15   8  11  18  34  30  32  33  29  10  36  11  10   4   7  24  21  14  20  29  29  10  32  29  24  20  11  20  12  28  34  17  20  10   7  31  33  23  16  27  12  23  28  20  11  13  31  20  11   4  20  23  33  24  26  20  26  13  14  34   6  30  10  11   7  13
  30  28  27  27  29  28  28  30  27  30  30  29  29  27  27  28  30  28  29  29  28  30  30  28  29  30  30  28  28  29  28  30  28  28  30  30  28  30  29  27  30  29  28  27  30  30  30  30  29  30  29  28  29  28  28  27  27  30  30  27  29  28  28  30  30  28  28  29  27  28  29  28  30  27  30  29  27  27  28  29  29  29  29  30  30  30  30  29  29  28  27  27  27  27  29  28  29  28  30  28
  70  69  77  55  49  76  39  66  47  28  46  80  56  51  49  24  24  63  66  33  82  69  44  70  60  34  71  80  70  36  54  40  78  38  71  32  76  49  63  45  66  67  34  81  50  33  74  71  26  32  46  21  37  69  74  33  29  54  45  55  60  47  76  63  71  60  82  27  46  56  57  77  48  82  31  50  60  50  45  70  24  50  76  51  22  58  32  63  53  27  27  36  40  41  34  33  60  21  26  22
  43  45  49  41  40  45  39  41  51  45  45  38  49  51  45  49  37  52  40  44  45  44  46  52  43  46  37  50  39  41  43  47  46  52  51  50  37  41  52  40  49  45  48  49  52  40  39  51  38  38  47  51  39  47  50  51  51  44  52  49  43  50  41  40  47  40  51  45  42  38  44  39  37  37  37  48  47  52  47  46  40  46  39  46  39  44  41  38  48  43  37  49  46  42  52  47  40  49  50  38
  48  47  41  42  44  41  44  43  46  43  42  43  40  42  45  46  46  41  43  47  42  41  46  40  46  42  40  43  46  40  46  47  42  40  44  43  45  46  42  41  45  48  43  45  43  44  45  43  45  40  42  40  48  42  48  47  47  44  46  42  45  45  41  42  41  45  45  44  42  43  43  47  43  48  43  41  45  47  45  43  42  44  40  41  48  47  40  42  40  45  42  41  43  46  45  43  40  44  46  42
  20  50  45  65  49  66  61  28  35  23  51  43  19  34  55  19  65  47  15  21  48  69  67  24  69  31  58  28  70  52  64  37  44  26  61  48  24  34  16  56  29  66  35  53  29  49  13  22  61  46  66  41  51  17  15  48  50  28  25  20  50  30  69  66  60  13  15  55  36  33  36  67  41  23  59  23  19  59  70  48  40  52  63  17  44  29  43  26  17  43  58  52  60  55  54  45  39  13  27  67
  55  25  17  40  60  42  45  44  32  25  49  14  27  30  31  50  18  18  36  38  43  15  16  34  24  38  28  58  47  60  28  24  33  60  60  56  44  19  43  53  31  23  58  31  53  54  35  16  38  18  57  57  44  59  46  50  22  27  43  16  57  38  13  50  61  60  53  14  25  34  22  56  37  51  43  18  26  60  16  22  30  54  22  31  29  37  29  59  45  42  55  34  38  31  28  16  33  13  21  16
  19  22  60  46  56  23  51  23  48  35  22  48  13  60   7  34  36  13  13  34  64  44  34  25  65  71  42  47  33  19  58  49   8  22  61  41  46  38  23  22  45  43  55  49  14  22  49  69  67  24  45   8  63  56  52   7  40  47  17   8  53  57  12  37  51  13  40  55  56  13  36  36  39  50  28  56  48  61  65  58  23  31  37  70  26  62  47  30   7  47   6  25  13  21  23  66  49  67  22  46
  12  11  11  11  12  12  12  12  11  11  12  11  12  12  11  11  12  11  11  12  12  11  11  11  11  11  11  12  12  12  12  11  11  12  12  11  12  12  12  12  11  12  11  11  12  11  11  12  12  11  11  12  11  11  11  12  12  11  12  11  12  11  12  11  11  11  12  11  11  11  12  11  12  11  11  12  12  12  11  11  11  11  11  11  11  12  11  11  12  11  12  12  12  11  12  11  11  12  11  11
  60  83  93  82  74  44  78  60  35  54  70  51  53  95  56  27  20  76  39  64  29  23  80  38  52  92  91  71  28  94  38  85  76  56  89  31  38  84  26  32  93  79  36  43  73  86  73  80  31  85  40  32  37  51  79  87  23  46  38  44  72  64  51  42  94  34  39  95  83  54  91  83  25  78  49  89  59  74  60  63  89  75  58  66  26  25  79  36  39  41  86  49  38  20  89  61  46  27  64  69
  25  26  11  22  25   5   9  23  12  23   4  22   7   8  10  12  12  15   9   6  24  15  27  15  24  18  24  15   8  27  26  12   3   5  25  23  18  24  13  25  17  21  10  19   6  26   3  16  17  10  18   4  15  12   6  20  11  11  11  23   5  12  11  19  24   8   7  16  20   4  16   3  15   7   5   4   4   3   4  20  26  12   7  20   9  19   3  19  12   9  13  17  27  21  14  27  11  16  27   8
  47  56  49  61  58  62  45  52  56  61  48  60  45  51  59  43  44  58  63  55  54  54  47  50  46  42  61  52  51  59  49  55  46  57  49  47  49  47  53  56  59  62  44  63  43  48  62  50  59  60  43  55  43  54  42  48  63  50  49  58  62  60  45  62  47  51  56  54  61  46  60  51  61  57  47  50  59  61  59  48  58  44  54  63  42  54  44  61  60  53  43  49  48  54  59  55  45  51  51  58
  13  12  11  15  15  15  13  13  14  13  13  11  12  13  12  14  11  11  12  15  15  13  13  15  12  14  15  14  14  13  14  12  13  12  15  11  15  15  14  11  15  15  15  15  11  12  15  12  15  13  14  14  14  14  11  11  12  11  13  15  13  13  11  14  15  14  14  13  13  12  11  11  13  11  14  15  14  14  12  14  15  14  14  11  14  14  15  13  15  15  11  14  15  15  13  13  11  14  11  15
  15  20  20  15  19  19  19  18  15  17  17  19  18  16  19  18  20  20  16  16  19  15  19  19  15  15  17  18  18  16  16  16  20  15  18  18  20  18  20  19  15  16  19  15  17  20  17  18  17  18  20  16  19  15  20  20  19  16  18  18  16  19  15  19  19  17  18  18  17  15  20  17  20  15  15  19  18  15  18  18  16  18  16  19  17  17  17  15  16  15  17  20  17  18  20  15  16  20  18  18
  18  26  16  22  15  19  16  19  17  26  20  23  22  16  16  21  23  18  16  26  17  15  17  19  15  17  19  19  15  23  23  15  21  17  23  16  17  23  24  20  24  15  21  18  21  18  19  17  25  24  25  18  25  17  19  16  20  24  23  16  16  24  25  22  16  15  15  26  21  24  23  25  26  18  15  17  23  21  24  22  19  21  22  22  17  22  16  21  20  18  19  17  24  23  18  24  20  25  23  19
  76  87  60  38  36  39  30  86  91  46  93  33  65  77  79  85  52  33  26  33  88  51  49  53  47  41  87  26  79  87  29  34  42  90  75  72  38  54  83  67  65  40  46  86  61  58  68  28  62  54  44  32  28  88  49  77  53  76  83  60  54  46  27  27  39  34  52  91  82  81  53  84  57  72  84  30  40  79  67  77  64  79  28  45  86  81  59  74  38  69  63  35  58  49  81  34  34  62  73  55
  34  75  49  48  28  58  31  76  36  27  20  50  50  88  83  64  65  34  37  59  33  51  64  88  22  18  25  22  39  74  52  79  31  67  55  61  68  24  82  80  83  84  29  64  33  73  83  69  19  40  52  63  25  80  56  39  32  86  85  66  44  16  57  54  33  71  68  68  82  28  51  41  50  30  64  43  46  54  87  81  83  86  59  36  42  46  52  60  35  56  76  18  50  39  42  40  52  32  23  62
  11  79  61  70  79  57  57  38  54  68  80  21  51  39  14  93  70  28  93  13  63  76  59  30  32  47  42  42  85  66  65  50  37  91  67  61  54  12  65  56  36  33  50  81  21  13  26  25  27  64  80  17  74  46  27  50  85  53  48  49  36  50  79  51  19  62  73  64  31  51  24  81  47  50  78  23  58  94  80  44  80  57  94  89  30  44  30  16  34  92  51  77  71  21  80  53  86  75  62  13
  54   9  20  41  52   9  52  17  50  46  18  42  20  21  37  54   9  20  42  46  28  38  31   9  48  47   7  31  41  31  30  41  29  30  39  11  17  43  29  14  22  24   8  13  25  31  12  23  35  44  52  42  36  25  17  18   8  33  42  14  18  25  50  24  30  31  36  26  18  15  27  38   4  43  33  52  32  21  31  38   8  19  49   7  21  23  27  47  32  30  54  10  12  28  53  47  18  46  32   4
  59  68  66  62  69  59  66  70  56  68  59  69  68  66  58  69  67  63  60  59  64  69  69  70  57  59  63  62  58  68  64  69  58  59  59  64  57  62  64  61  65  67  60  56  63  58  70  61  70  58  62  57  59  58  69  67  58  65  62  63  63  65  70  62  70  68  60  59  70  70  64  65  67  58  68  59  68  68  66  59  68  61  67  60  61  67  56  57  66  70  64  64  56  65  59  58  56  56  63  58
  48  53  36  46  19  35  21  37  43  49  27  53  26  43  34  44  19  58  55  21  22  35  32  51  60  32  23  44  43  54  25  19  54  24  33  55  36  49  57  42  18  35  23  52  47  49  34  56  31  41  29  50  40  20  42  47  58  23  18  46  21  42  30  28  37  41  48  24  18  43  30  32  45  46  44  54  17  22  32  52  60  54  25  41  53  54  19  41  20  50  40  49  41  35  47  28  50  33  29  55
  47  50  37  66  59  66  63  64  30  58  60  36  44  28  45  39  47  37  49  43  49  58  45  36  40  40  54  48  45  36  32  66  31  53  61  57  60  47  30  31  35  38  41  49  43  48  36  36  64  37  57  37  30  28  37  48  65  56  57  44  33  38  62  52  30  52  54  47  67  35  36  42  33  67  57  38  31  43  50  57  54  55  35  49  34  37  39  54  36  67  41  67  63  28  43  33  54  38  33  56
  64  32  33  54  63  36  25  57  33  32  41  39  55  48  65  45  66  57  48  54  42  52  57  39  65  34  43  61  61  63  37  29  59  61  49  42  46  29  42  58  46  35  31  54  36  50  54  37  49  57  37  54  58  41  45  26  35  23  42  44  54  51  41  60  40  40  29  32  62  55  66  41  27  58  37  57  26  64  53  47  40  34  46  61  58  55  37  58  46  51  59  54  54  41  47  53  28  45  52  36
  94  73  59  95  75  66  75  89  67  73  79  83  62  65  79  80  57  59  70  84  62  88  58  87  70  69  74  87  86  56  79  80  64  82  63  63  82  76  58  80  95  83  68  62  95  55  95  76  61  72  91  57  71  84  65  69  83  94  87  77  89  94  58  73  66  83  71  62  62  75  82  81  65  67  85  85  77  76  77  76  78  59  79  83  86  95  91  83  65  95  73  89  61  83  80  56  60  58  65  89
  70  70  80  80  82  66  71  70  74  68  82  72  75  84  81  81  81  73  66  72  79  75  81  67  66  84  72  70  79  74  68  82  84  80  69  82  80  76  75  80  78  74  70  70  66  76  74  84  68  68  83  71  82  69  79  84  82  71  69  74  69  74  83  73  71  77  70  81  73  75  69  81  81  84  73  82  67  69  82  66  66  75  67  74  67  70  77  75  72  77  73  84  77  77  76  66  81  69  82  71
  71  73  69  87  80  63  62  65  81  62  61  65  78  91  77  86  62  88  75  91  69  87  68  91  63  89  70  88  91  67  74  80  79  75  63  80  86  81  83  84  81  86  83  84  80  67  70  85  75  74  85  92  85  63  89  84  84  89  86  63  76  61  79  63  78  66  90  75  73  69  71  81  62  82  91  92  78  62  75  87  92  82  83  86  73  77  86  78  67  74  76  70  78  76  89  80  80  88  71  92
  47  49  47  48  49  47  48  48  49  46  48  46  46  45  45  49  48  45  46  48  49  49  46  48  45  46  49  45  47  46  48  49  48  47  48  47  48  45  47  48  49  48  48  49  46  49  49  49  47  48  47  46  47  47  49  47  49  49  48  46  45  45  45  47  46  45  49  48  49  48  47  46  45  48  46  47  45  45  48  46  45  47  46  48  45  47  49  47  49  45  48  45  48  48  47  49  46  45  47  48
  33  45  34  18  32  30  55  43  28  21  37  22  43  20  51  34  37  25  42  31  38  48  53  38  30  22  34  19  45  44  33  50  46  46  46  29  22  30  45  33  25  52  19  37  47  52  54  46  26  30  49  41  51  20  31  55  36  22  39  47  32  39  42  23  31  39  49  47  48  55  53  37  33  50  47  47  27  38  48  18  40  19  51  50  18  25  49  46  36  50  23  53  20  27  23  30  19  48  32  35
  62  58  47  36  37  44  36  65  35  61  42  60  43  57  39  49  55  35  47  37  36  44  55  45  50  40  58  46  38  39  58  38  51  45  44  51  61  60  46  58  50  57  63  51  47  54  44  43  65  54  63  51  54  65  43  64  43  51  49  54  55  46  52  66  53  36  61  39  45  41  60  39  42  43  45  52  55  60  44  42  50  60  42  59  55  40  47  62  48  41  42  45  53  51  44  43  46  40  44  56
22  97
