50
  159    0
  144   18
  142   36
   17    6
   92   50
  137   99
   41   39
   43   52
   34   54
    3    7
   55  170
   31  164
    0    7
   -9  144
  -21  113
  -13   42
  -36   76
   -5    8
 -103  125
  -44   41
 -104   76
 -174   95
  -35   13
 -173   44
  -20    2
 -153    0
  -95  -12
 -117  -30
  -94  -37
  -65  -36
  -86  -62
  -96  -90
 -101 -123
  -39  -62
  -10  -23
  -20  -61
  -30 -162
  -10 -158
    4  -68
    3  -20
   58 -181
   10  -21
   79 -124
  103 -125
   68  -64
  131  -95
  142  -78
   91  -36
  168  -43
   82  -10
