70
   29    0
   86    7
   92   16
   49   13
   69   26
   69   34
   74   44
   19   14
   26   10
    3    3
   59   75
   40   71
   26   49
   35   83
    7   23
   10   47
    5   42
    2   64
   -2   58
  -10   80
  -20   88
   -3   10
  -15   10
  -15   27
  -32   59
  -51   65
  -56   58
  -23   20
  -53   39
  -31   19
  -26   12
  -64   24
  -21    5
  -62   11
  -73    6
  -13    0
  -19   -5
  -56  -10
  -88  -24
  -55  -20
  -29  -14
  -72  -43
  -65  -47
   -7   -6
  -34  -35
  -35  -44
  -19  -29
  -42  -78
  -28  -67
  -12  -37
   -9   -17
    0   -10
    1  -25
    1  -60
   10  -78
    5  -22
   30  -94
   26  -61
   25  -46
   52  -80
   13  -14
   21  -22
   57  -50
   20  -14
   31  -10
   48  -23
   57  -21
   73  -20
   61  -11
   86   -7
