30
  209  213  449  449
  238  364  272  410
  450  289  636  315
   88  362  104  387
  599  209  626  286
  502  110  520  249
  574  436  606  463
  551   33  576  459
  226  153  236  362
  315   16  527  364
  525  275  574  290
  600  194  622  351
  213  377  369  440
  629  365  639  459
  539  355  569  447
   40  370  285  477
  412  232  573  323
  128   35  380  151
  270  465  341  475
  563   79  621  472
  151  405  317  436
  392  234  434  396
  168   69  181  291
  196  213  471  311
  241   70  423  260
  338  238  497  449
  334  159  571  367
  354  188  529  299
  578  150  632  367
  122  183  279  335
