40
   14   33  529  220
  235  333  580  470
  556  326  582  398
  148  130  206  419
  229  336  425  396
  157  224  247  401
  595  239  611  364
  369  248  639  335
  296  262  368  367
  296  103  607  248
  221  235  461  346
  494  459  634  478
   55  348  531  394
    7  235  146  386
   66  287  447  461
  292  459  513  478
  567   54  622  205
  531  389  637  450
  314  101  627  242
   61   22  322  402
  143  324  166  445
  382   41  399  196
  501  261  548  470
  423  146  614  298
  441   23  603  227
  196  468  327  478
  580   84  590  280
  243  436  483  457
  603  382  619  463
   11  245  600  422
   94  177  185  279
  210  252  496  271
  208   27  561  435
  329  155  548  346
  496  292  601  362
  121  325  481  341
  334  355  500  389
   33  105  592  184
  550    1  619  431
  571  141  585  344
