50
  496  107  584  374
   93  273  422  361
   23   75  460  430
  112  165  373  427
   29  182  104  200
  485   18  613  177
  362    4  582  331
  189  342  228  418
  508  265  582  307
  192  301  617  479
  572  379  624  452
  599  201  636  400
  560   15  575  302
  501   12  547  201
  493  449  628  469
  550   36  613   86
   84   82  388  268
   62  429  381  467
  508   81  551  324
  610   49  623  292
   58  426  265  448
  367  260  397  309
   89  440  404  468
  621   86  634  107
  445   60  611  101
  507   73  522  167
  119  433  394  479
  134  316  495  399
    5   71  302  184
  126  155  438  189
  174  205  202  223
  100   19  155  393
  500   65  623  286
  489  244  510  261
  217  405  385  468
  155  149  297  425
  201  256  300  441
  499  209  534  263
  401   40  492  121
  312  247  323  295
  622  259  633  332
  282  254  367  350
  243  443  441  467
  132   55  209  164
   21  239  374  301
  364  182  416  292
  315  305  397  477
  423  193  615  240
  134  170  534  461
  208   72  633  213
