60
  502  320  608  379
  225   85  418  281
  137   16  601  267
  409  304  488  391
  262  322  363  403
  237  301  404  372
  455  223  633  292
  433  416  539  460
  120   68  176  439
  217  115  536  301
  556  364  630  457
  288  142  359  265
  165   43  449  236
  157  204  319  477
  199  374  637  448
    6   85  468  269
   42  424  394  476
  494  239  565  404
   31  362  106  451
  495  104  554  157
  414  278  497  339
  574  288  630  437
   46  245  298  364
  203  278  619  332
  223  288  310  344
  112   20  411  444
  450  280  512  372
  181  105  585  344
  555  192  598  442
   60  106  474  411
  125  259  315  409
  143  351  258  424
  101  188  199  376
  462  101  517  346
  487   37  585  447
  532   42  595  380
  219  137  437  283
  123  290  186  466
  353   49  393  105
  380   79  458  196
  400   82  525  344
  468    5  637  177
  399   80  562  334
  570  229  627  297
  324  336  454  381
  405  352  546  399
  427  218  581  411
  501   96  597  278
  128  238  392  307
  189  333  376  475
  226   67  612  344
  149   80  302  194
   67    1  147  451
  483    5  546  342
  433  138  562  365
  330  137  556  355
  177  352  296  451
  219  126  532  423
  396  184  630  325
  560  307  634  380
