20
2 3 4 5 6 7 9 11 12 13 14 15 16 17 18 20 
1 3 4 5 8 9 10 11 12 15 16 17 18 19 20 
1 2 5 6 8 9 10 15 16 17 18 19 20 
1 2 5 6 7 8 9 10 11 12 13 14 15 17 19 20 
1 2 3 4 6 7 9 11 12 13 15 16 17 18 19 20 
1 3 4 5 8 10 11 12 13 14 16 17 18 20 
1 4 5 8 9 12 13 14 15 16 17 19 20 
2 3 4 6 7 9 11 12 13 14 15 16 17 20 
1 2 3 4 5 7 8 10 12 13 14 15 17 18 20 
2 3 4 6 9 11 12 14 15 16 18 19 20 
1 2 4 5 6 8 10 12 13 14 15 16 17 18 20 
1 2 4 5 6 7 8 9 10 11 13 15 16 18 19 20 
1 4 5 6 7 8 9 11 12 17 20 
1 4 6 7 8 9 10 11 15 16 17 19 
1 2 3 4 5 7 8 9 10 11 12 14 17 18 19 20 
1 2 3 5 6 7 8 10 11 12 14 17 18 19 20 
1 2 3 4 5 6 7 8 9 11 13 14 15 16 18 19 20 
1 2 3 5 6 9 10 11 12 15 16 17 19 20 
2 3 4 5 7 10 12 14 15 16 17 18 20 
1 2 3 4 5 6 7 8 9 10 11 12 13 15 16 17 18 19 
